CARE1	AFR	0.0239,0.0020,0.0014,-0.0005,-0.0092,0.0162,0.0065,0.0110,-0.0140,0.0093
CARE2	AFR	0.0202,0.0036,0.0017,-0.0015,-0.0136,0.0084,0.0183,-0.0072,-0.0082,0.0108
CARE2-1	AJ	-0.0016,0.0171,0.0034,-0.0131,0.0320,0.0203,-0.0210,-0.0052,-0.0075,-0.0484
CARE2-1F	AJ	-0.0008,0.0166,0.0016,-0.0155,0.0329,0.0179,-0.0288,-0.0122,-0.0040,-0.0350
CARE2-1M	AJ	-0.0020,0.0157,0.0003,-0.0096,0.0315,0.0076,-0.0036,-0.0078,0.0007,-0.0376
CARE2-2	AJ	-0.0002,0.0131,0.0014,-0.0126,0.0314,0.0066,0.0058,0.0013,0.0045,-0.0058
CARE2-2F	AJ	-0.0003,0.0131,0.0006,-0.0147,0.0337,0.0082,0.0017,-0.0045,0.0030,-0.0280
CARE2-2M	AJ	-0.0009,0.0148,0.0035,-0.0115,0.0398,0.0061,-0.0043,-0.0081,0.0162,0.0195
CARE2-3	AJ	0.0013,0.0147,0.0030,-0.0154,0.0374,0.0042,-0.0181,-0.0105,0.0118,-0.0325
CARE2-3F	AJ	0.0007,0.0162,0.0032,-0.0139,0.0419,0.0059,0.0014,-0.0214,0.0127,-0.0278
CARE2-3M	AJ	0.0007,0.0138,0.0047,-0.0131,0.0329,0.0030,-0.0082,-0.0044,0.0176,-0.0350
CARE2-6	AJ	-0.0038,0.0185,0.0027,-0.0152,0.0533,0.0030,-0.0040,-0.0074,0.0234,0.0199
CARE2-6F	AJ	-0.0041,0.0180,0.0018,-0.0166,0.0430,-0.0013,-0.0050,-0.0098,0.0508,-0.0048
CARE2-6M	AJ	-0.0029,0.0172,0.0036,-0.0129,0.0438,0.0041,0.0067,-0.0116,-0.0076,0.0072
CARE3	AFR	0.0292,-0.0012,-0.0011,-0.0005,-0.0036,0.0171,-0.0137,0.0010,-0.0078,0.0047
CARE4	AJ	-0.0086,0.0210,0.0037,-0.0103,0.0362,0.0012,0.0134,0.0055,0.0190,0.0003
CARE5	EUR	-0.0098,0.0198,0.0061,-0.0079,0.0118,0.0017,0.0140,0.0022,0.0284,0.0199
CARE6	AJ	-0.0098,0.0214,0.0056,-0.0179,0.0604,-0.0010,0.0039,-0.0034,-0.0087,0.0071
CARE7	EUR	-0.0099,0.0215,0.0074,-0.0106,-0.0083,0.0045,-0.0241,0.0227,0.0448,-0.0115
CARE8	AJ	-0.0097,0.0233,0.0080,-0.0166,0.0341,0.0082,-0.0306,0.0123,0.0104,0.0017
CARE10	AMR	-0.0020,0.0115,0.0151,0.0047,-0.0002,0.0087,-0.0220,-0.0032,0.0386,-0.0132
CARE11	AMR	-0.0061,-0.0069,0.0307,0.0592,0.0072,-0.0005,0.0144,-0.0131,-0.0197,-0.0004
CARE12	AMR	-0.0036,0.0013,0.0219,0.0339,0.0087,-0.0006,0.0118,-0.0214,0.0036,-0.0210
CARE13	SAS	-0.0094,-0.0015,-0.0383,0.0079,0.0068,0.0028,-0.0275,0.0022,-0.0092,0.0064
CARE14	SAS	-0.0093,0.0004,-0.0397,0.0110,-0.0026,-0.0071,-0.0114,-0.0023,-0.0107,0.0280
CARE15	SAS	-0.0099,-0.0005,-0.0404,0.0111,-0.0026,0.0008,-0.0448,-0.0077,-0.0204,-0.0014
CARE16	AJ	-0.0085,0.0205,0.0043,-0.0154,0.0448,0.0031,0.0213,0.0050,-0.0016,0.0172
CARE17	EUR	-0.0112,0.0210,0.0084,-0.0128,-0.0216,-0.0122,0.0027,-0.0095,0.0349,0.0149
CARE18	EUR	-0.0114,0.0216,0.0080,-0.0102,-0.0201,0.0003,-0.0222,-0.0089,0.0371,-0.0088
CARE19	SAS	-0.0106,-0.0031,-0.0319,0.0115,-0.0005,0.0025,0.0254,-0.0096,0.0001,-0.0233
CARE20	SAS	-0.0107,-0.0042,-0.0315,0.0114,0.0005,-0.0074,0.0141,-0.0002,0.0044,-0.0065
CARE21	SAS	-0.0100,-0.0038,-0.0310,0.0104,0.0008,0.0042,0.0239,-0.0161,0.0035,-0.0260
CARE33	DOMI	0.0125,0.0047,0.0058,0.0029,-0.0005,-0.0036,0.0070,-0.0097,0.0034,0.0018
CARE34	AMR	-0.0027,0.0154,0.0130,-0.0037,0.0091,0.0005,0.0086,-0.0075,0.0166,0.0171
CARE35	DOMI	0.0054,0.0098,0.0087,0.0002,0.0096,0.0005,0.0129,-0.0155,0.0086,-0.0085
CARE47	AJ	-0.0090,0.0204,0.0037,-0.0153,0.0366,-0.0139,0.0181,0.0001,-0.0203,0.0043
CARE48	EUR	-0.0098,0.0216,0.0070,-0.0102,-0.0248,-0.0190,0.0361,-0.0071,-0.0338,0.0230
CARE49	EUR	-0.0098,0.0223,0.0108,-0.0107,-0.0200,-0.0182,0.0317,-0.0086,-0.0035,0.0024
CARE93	DOMI	0.0045,0.0086,0.0094,-0.0017,0.0004,0.0113,0.0057,0.0062,0.0369,-0.0044
CARE94	DOMI	-0.0000,0.0130,0.0139,-0.0050,-0.0010,0.0023,-0.0246,0.0237,0.0203,-0.0049
CARE95	DOMI	0.0025,0.0112,0.0122,-0.0046,0.0051,0.0037,0.0038,0.0175,0.0334,-0.0068
CARE99	EUR	-0.0104,0.0199,0.0093,-0.0074,-0.0164,-0.0126,-0.0147,-0.0007,-0.0003,0.0061
CARE100	EUR	-0.0107,0.0209,0.0080,-0.0105,-0.0253,-0.0022,-0.0008,0.0085,0.0167,0.0097
CARE101R	EUR	-0.0102,0.0188,0.0094,-0.0124,-0.0247,-0.0163,0.0287,0.0033,0.0129,0.0087
CARE108	AJ	-0.0082,0.0206,0.0094,-0.0118,0.0261,-0.0017,0.0127,-0.0096,0.0358,-0.0207
CARE117	EUR	-0.0105,0.0206,0.0058,-0.0117,-0.0159,0.0186,-0.0389,0.0106,-0.0153,-0.0331
CARE118	EUR	-0.0106,0.0197,0.0086,-0.0049,-0.0210,0.0068,-0.0204,-0.0025,-0.0045,-0.0183
CARE119	EUR	-0.0100,0.0191,0.0068,-0.0156,-0.0152,-0.0052,-0.0061,0.0098,0.0089,-0.0361
CARE123	EUR	-0.0101,0.0222,0.0085,-0.0091,-0.0267,0.0136,-0.0352,-0.0065,0.0101,0.0075
CARE124	EUR	-0.0105,0.0226,0.0100,-0.0093,-0.0246,-0.0082,0.0316,0.0003,0.0133,-0.0030
CARE125	EUR	-0.0099,0.0224,0.0099,-0.0097,-0.0325,0.0033,0.0133,-0.0085,0.0108,-0.0101
CARE126	EUR	-0.0109,0.0205,0.0084,-0.0099,-0.0222,-0.0173,0.0312,-0.0000,-0.0028,0.0054
CARE129	EUR	-0.0096,0.0201,0.0049,-0.0146,0.0151,-0.0133,0.0281,0.0069,-0.0341,0.0264
CARE130	EUR	-0.0098,0.0199,0.0084,-0.0149,0.0043,-0.0047,0.0272,0.0007,-0.0313,0.0171
CARE136	AJ	-0.0083,0.0195,0.0071,-0.0125,0.0302,-0.0008,0.0086,-0.0017,0.0436,0.0125
CARE137	AJ	-0.0082,0.0222,0.0061,-0.0119,0.0221,0.0031,0.0122,0.0003,0.0241,0.0207
CARE170	AFR	0.0282,-0.0021,0.0024,0.0016,-0.0053,0.0003,-0.0112,-0.0039,0.0066,-0.0122
CARE171	AFR	0.0273,0.0002,-0.0003,0.0007,0.0058,0.0140,-0.0083,-0.0092,0.0248,0.0077
CARE172	AFR	0.0289,-0.0017,0.0014,0.0027,0.0033,0.0103,-0.0137,-0.0071,0.0243,0.0086
CARE181	EUR	-0.0107,0.0210,0.0084,-0.0134,-0.0295,-0.0053,-0.0179,0.0005,-0.0052,-0.0043
CARE183	EUR	-0.0101,0.0203,0.0047,-0.0109,-0.0238,-0.0074,0.0281,0.0044,-0.0006,-0.0082
CARE184	EUR	-0.0099,0.0214,0.0095,-0.0090,-0.0216,-0.0184,0.0285,0.0013,0.0165,-0.0245
CARE185	EUR	-0.0104,0.0212,0.0066,-0.0099,-0.0320,-0.0245,0.0355,0.0006,0.0040,0.0008
