IndvID	Population	Probability	AFR,AJ,AMR,DOMI,EAS,EUR,SAS	EigenValues
RU9	AFR	0.91575076815939949	0.92,0.0,0.01,0.08,0.0,0.0,0.0	0.0213,0.0026,0.0012,-0.0011,0.0026,-0.0010,0.0017,0.0005,-0.0016,0.0192
RU15	EUR	1.0	0.0,0.0,0.0,0.0,0.0,1.0,0.0	-0.0100,0.0185,0.0084,-0.0075,0.0317,-0.0007,-0.0044,0.0153,0.0106,-0.0072
RU18	AJ	0.94520634920634916	0.0,0.95,0.0,0.0,0.0,0.05,0.0	-0.0086,0.0170,0.0021,-0.0107,-0.0577,0.0143,-0.0331,0.0138,-0.0022,0.0029
RU19	AJ	0.87514328808446451	0.0,0.88,0.0,0.0,0.0,0.12,0.0	-0.0091,0.0176,0.0054,-0.0114,-0.0287,0.0029,0.0083,-0.0237,0.0062,-0.0305
RU20	EUR	0.98009523809523813	0.0,0.01,0.01,0.0,0.0,0.98,0.0	-0.0104,0.0186,0.0055,-0.0071,0.0189,-0.0157,0.0007,0.0039,0.0306,-0.0121
RU36	EUR	0.40958257130491199	0.08,0.06,0.16,0.29,0.0,0.41,0.0	-0.0033,0.0133,0.0036,-0.0049,0.0087,0.0013,-0.0068,0.0171,0.0030,-0.0216
RU37	EUR	0.98239766081871338	0.01,0.0,0.0,0.01,0.0,0.98,0.0	-0.0094,0.0169,0.0051,-0.0109,-0.0082,0.0089,0.0142,0.0126,0.0011,-0.0276
RU38	EUR	0.41009186219323512	0.07,0.05,0.15,0.31,0.0,0.41,0.0	-0.0049,0.0145,0.0048,-0.0056,0.0100,0.0002,-0.0066,0.0153,0.0022,-0.0205
RU42	EUR	1.0	0.0,0.0,0.0,0.0,0.0,1.0,0.0	-0.0103,0.0170,0.0068,-0.0082,0.0179,0.0079,-0.0004,0.0120,-0.0189,0.0257
RU43	EUR	1.0	0.0,0.0,0.0,0.0,0.0,1.0,0.0	-0.0105,0.0178,0.0067,-0.0075,0.0192,-0.0101,-0.0244,-0.0108,-0.0024,-0.0324
RU50	AMR	0.83203160848813018	0.0,0.0,0.83,0.09,0.0,0.07,0.0	-0.0085,0.0126,0.0101,0.0025,0.0086,0.0130,0.0080,-0.0055,-0.0099,-0.0013
RU53	EUR	0.88667522196724247	0.03,0.06,0.01,0.01,0.0,0.89,0.0	-0.0092,0.0172,-0.0010,-0.0073,-0.0138,0.0101,0.0168,0.0143,0.0147,-0.0033
RU54	EUR	0.97583333333333333	0.0,0.01,0.01,0.0,0.0,0.98,0.0	-0.0101,0.0170,0.0095,-0.0072,0.0224,-0.0026,-0.0065,-0.0081,-0.0157,0.0133
RU66	AJ	0.98611111111111105	0.0,0.99,0.0,0.0,0.0,0.01,0.0	-0.0085,0.0151,-0.0023,-0.0123,-0.0376,-0.0036,-0.0237,-0.0266,0.0028,-0.0026
RU69	AFR	1.0	1.0,0.0,0.0,0.0,0.0,0.0,0.0	0.0268,-0.0006,0.0004,-0.0010,0.0045,0.0016,-0.0001,0.0144,-0.0042,0.0171
RU78	AMR	0.70953398006846313	0.01,0.04,0.71,0.23,0.0,0.0,0.01	-0.0071,0.0040,0.0099,0.0215,-0.0185,-0.0023,-0.0058,-0.0213,-0.0080,0.0076
RU82	AJ	0.94829300524037363	0.0,0.95,0.0,0.02,0.01,0.02,0.0	-0.0087,0.0142,0.0053,-0.0123,-0.0455,-0.0031,-0.0096,-0.0056,0.0125,0.0287
RU90	EUR	1.0	0.0,0.0,0.0,0.0,0.0,1.0,0.0	-0.0106,0.0174,0.0052,-0.0081,0.0242,0.0034,0.0126,-0.0129,-0.0171,0.0096
RU94	AJ	1.0	0.0,1.0,0.0,0.0,0.0,0.0,0.0	-0.0085,0.0169,0.0031,-0.0150,-0.0449,-0.0078,0.0003,-0.0137,-0.0040,0.0081
RU95	AJ	0.91898596491228057	0.0,0.92,0.01,0.01,0.0,0.07,0.0	-0.0091,0.0157,0.0041,-0.0107,-0.0469,0.0160,0.0184,0.0324,-0.0009,-0.0233
RU102	AJ	0.96457575757575753	0.0,0.96,0.0,0.0,0.0,0.03,0.0	-0.0085,0.0153,0.0037,-0.0109,-0.0435,0.0090,0.0288,-0.0152,0.0014,0.0058
RU104	AJ	1.0	0.0,1.0,0.0,0.0,0.0,0.0,0.0	-0.0080,0.0159,-0.0011,-0.0126,-0.0427,0.0138,-0.0052,-0.0244,0.0129,0.0282
RU110	EUR	0.98925925925925928	0.0,0.01,0.0,0.0,0.0,0.99,0.0	-0.0099,0.0171,0.0079,-0.0094,0.0254,0.0067,0.0217,0.0034,-0.0091,0.0401
RU113	EUR	0.97928571428571431	0.0,0.01,0.0,0.01,0.0,0.98,0.0	-0.0101,0.0163,0.0067,-0.0065,0.0165,0.0039,-0.0132,0.0221,-0.0130,0.0168
RU115	AFR	1.0	1.0,0.0,0.0,0.0,0.0,0.0,0.0	0.0296,-0.0020,0.0016,0.0009,-0.0027,0.0040,0.0048,0.0032,-0.0000,0.0198
RU117	AMR	0.70436881000001872	0.05,0.0,0.7,0.25,0.0,0.0,0.0	0.0008,0.0058,0.0136,0.0125,-0.0036,0.0019,-0.0004,-0.0056,0.0126,-0.0179
RU119	AMR	0.97095696329813974	0.0,0.0,0.97,0.03,0.0,0.0,0.0	-0.0093,-0.0066,0.0276,0.0494,-0.0088,0.0059,0.0015,-0.0349,-0.0035,0.0181
RU121	AJ	0.98608695652173906	0.0,0.99,0.0,0.0,0.0,0.01,0.0	-0.0090,0.0164,0.0015,-0.0101,-0.0335,0.0062,-0.0113,-0.0213,-0.0096,-0.0016
RU124	AMR	0.94644808328925967	0.0,0.0,0.95,0.05,0.0,0.0,0.0	-0.0111,-0.0118,0.0311,0.0651,-0.0142,0.0177,0.0073,0.0102,0.0021,0.0177
RU133	EUR	0.99168498168498176	0.0,0.0,0.0,0.0,0.0,0.99,0.0	-0.0097,0.0183,0.0063,-0.0072,0.0172,0.0047,-0.0090,-0.0179,-0.0064,-0.0020
RU135	AMR	0.96289267613478136	0.0,0.0,0.96,0.04,0.0,0.0,0.0	-0.0037,-0.0020,0.0228,0.0369,-0.0015,0.0091,0.0205,-0.0015,-0.0078,0.0018
RU137	DOMI	0.85135320587565144	0.02,0.0,0.12,0.85,0.01,0.01,0.0	0.0092,0.0063,0.0084,-0.0014,-0.0030,-0.0087,-0.0207,0.0215,0.0056,-0.0004
RU139	DOMI	0.7386882175993752	0.02,0.0,0.24,0.74,0.0,0.0,0.0	0.0025,0.0075,0.0093,0.0054,-0.0052,0.0040,-0.0001,-0.0012,-0.0091,0.0024
RU140	AFR	0.99777777777777776	1.0,0.0,0.0,0.0,0.0,0.0,0.0	0.0301,-0.0006,0.0023,-0.0007,0.0015,-0.0006,0.0005,-0.0218,-0.0072,-0.0228
RU150	EUR	0.88591433053816959	0.0,0.0,0.1,0.01,0.01,0.89,0.0	-0.0095,0.0166,0.0104,-0.0091,0.0159,0.0201,0.0349,0.0265,0.0086,0.0130
RU153	DOMI	0.83518756592265819	0.0,0.0,0.16,0.84,0.0,0.0,0.0	0.0036,0.0090,0.0085,0.0002,-0.0091,-0.0018,0.0031,0.0097,0.0017,-0.0323
RU154	AFR	0.97025974025974027	0.97,0.0,0.0,0.03,0.0,0.0,0.0	0.0262,-0.0008,0.0021,-0.0002,0.0025,-0.0050,0.0138,-0.0073,0.0123,-0.0295
RU185	AFR	0.88595208808130754	0.89,0.0,0.02,0.1,0.0,0.0,0.0	0.0222,0.0015,0.0038,-0.0017,0.0072,0.0091,-0.0102,-0.0200,-0.0030,-0.0116
RU189	DOMI	0.83966514280738414	0.02,0.0,0.12,0.84,0.01,0.01,0.0	0.0102,0.0049,0.0059,0.0036,-0.0001,-0.0003,0.0011,0.0409,0.0273,0.0135
RU195	AMR	0.97584394671351193	0.0,0.0,0.98,0.01,0.0,0.0,0.01	-0.0087,0.0057,0.0182,0.0223,-0.0008,-0.0018,-0.0171,0.0022,0.0023,0.0022
RU197	SAS	1.0	0.0,0.0,0.0,0.0,0.0,0.0,1.0	-0.0087,0.0024,-0.0350,0.0098,0.0042,-0.0051,0.0185,0.0094,-0.0033,-0.0168
RU201	EUR	1.0	0.0,0.0,0.0,0.0,0.0,1.0,0.0	-0.0109,0.0155,0.0063,-0.0061,0.0175,0.0122,0.0120,0.0136,-0.0086,0.0197
RU205	EUR	0.99305555555555558	0.0,0.0,0.0,0.0,0.01,0.99,0.0	-0.0100,0.0167,0.0046,-0.0091,0.0175,0.0075,0.0339,0.0087,-0.0067,-0.0109
RU218	EUR	0.73847349429260878	0.04,0.2,0.01,0.01,0.0,0.74,0.0	-0.0088,0.0175,0.0004,-0.0094,-0.0181,-0.0068,-0.0244,0.0034,0.0170,-0.0601
RU220	AFR	0.9660940170940171	0.97,0.0,0.0,0.03,0.0,0.0,0.0	0.0291,-0.0012,0.0027,-0.0040,0.0099,-0.0014,-0.0078,-0.0244,0.0066,-0.0127
RU226	EUR	0.97488745033502089	0.0,0.03,0.0,0.0,0.0,0.97,0.0	-0.0108,0.0173,0.0035,-0.0101,0.0270,-0.0128,-0.0084,-0.0138,-0.0152,-0.0007
RU229	EUR	0.98131313131313125	0.0,0.0,0.01,0.01,0.0,0.98,0.0	-0.0110,0.0164,0.0061,-0.0069,0.0257,-0.0033,-0.0289,0.0255,0.0038,0.0158
RU233	EUR	0.91544823597455183	0.01,0.02,0.04,0.02,0.0,0.92,0.0	-0.0093,0.0178,0.0075,-0.0070,0.0186,-0.0089,-0.0196,0.0006,0.0201,-0.0328
RU239	EUR	0.96100713622388145	0.0,0.02,0.01,0.01,0.0,0.96,0.0	-0.0098,0.0168,0.0046,-0.0083,-0.0002,-0.0069,-0.0441,0.0099,0.0138,-0.0107
RU252	EUR	0.92062065494991208	0.0,0.04,0.01,0.04,0.0,0.92,0.0	-0.0090,0.0163,0.0069,-0.0075,0.0085,-0.0011,0.0093,0.0029,0.0038,0.0062
RU259	AMR	0.89758978265367728	0.0,0.0,0.9,0.1,0.0,0.0,0.0	-0.0063,-0.0035,0.0220,0.0438,-0.0102,0.0094,0.0069,-0.0268,0.0164,-0.0142
RU260	AJ	0.94520634920634916	0.0,0.95,0.0,0.0,0.0,0.05,0.0	-0.0087,0.0169,0.0020,-0.0108,-0.0575,0.0140,-0.0334,0.0137,-0.0027,0.0029
RU266	AMR	0.95274816709292409	0.03,0.0,0.95,0.02,0.0,0.0,0.0	-0.0098,-0.0055,0.0253,0.0475,0.0001,0.0019,-0.0247,-0.0147,-0.0149,0.0163
RU278	EUR	0.90609856548680068	0.0,0.0,0.0,0.0,0.08,0.91,0.0	-0.0114,0.0177,0.0091,-0.0065,0.0114,-0.0069,-0.0318,0.0261,-0.0034,-0.0199
RU285	EUR	0.99714285714285722	0.0,0.0,0.0,0.0,0.0,1.0,0.0	-0.0110,0.0169,0.0063,-0.0080,0.0292,0.0039,0.0058,0.0052,-0.0037,0.0218
RU286	EUR	0.99900000000000011	0.0,0.0,0.0,0.0,0.0,1.0,0.0	-0.0102,0.0172,0.0084,-0.0102,0.0134,-0.0108,-0.0095,-0.0086,-0.0022,-0.0149
RU298	AJ	1.0	0.0,1.0,0.0,0.0,0.0,0.0,0.0	-0.0083,0.0166,0.0028,-0.0118,-0.0408,0.0013,-0.0059,-0.0329,-0.0019,-0.0093
RU311	AFR	1.0	1.0,0.0,0.0,0.0,0.0,0.0,0.0	0.0290,-0.0020,-0.0018,-0.0042,-0.0011,0.0101,0.0202,0.0072,-0.0241,0.0216
RU320	AJ	0.90943722943722927	0.0,0.91,0.0,0.0,0.0,0.09,0.0	-0.0094,0.0166,0.0038,-0.0116,-0.0467,-0.0059,-0.0287,0.0209,0.0056,0.0229
RU324	AFR	0.91032373924961207	0.91,0.0,0.01,0.08,0.0,0.0,0.0	0.0206,0.0023,0.0020,-0.0034,0.0040,-0.0142,-0.0153,-0.0112,0.0130,0.0021
RU331	EUR	0.99425925925925929	0.0,0.01,0.0,0.0,0.0,0.99,0.0	-0.0107,0.0174,0.0054,-0.0095,0.0214,0.0042,-0.0167,-0.0174,-0.0047,0.0338
RU340	DOMI	0.88732331523313979	0.01,0.0,0.07,0.89,0.0,0.02,0.0	0.0061,0.0055,0.0055,0.0020,-0.0004,0.0031,-0.0001,-0.0159,0.0257,-0.0296
RU354	EUR	0.95124418943204536	0.0,0.04,0.0,0.0,0.01,0.95,0.0	-0.0101,0.0150,0.0044,-0.0112,0.0187,-0.0007,-0.0121,-0.0199,0.0014,0.0036
RU357	AFR	0.98977777777777776	0.99,0.0,0.0,0.01,0.0,0.0,0.0	0.0258,-0.0009,0.0024,-0.0031,0.0042,-0.0043,0.0116,-0.0168,0.0024,-0.0206
RU359	AFR	0.99400000000000011	0.99,0.0,0.0,0.01,0.0,0.0,0.0	0.0309,-0.0032,0.0030,-0.0009,-0.0024,0.0030,0.0082,-0.0004,0.0109,-0.0078
RU361	AMR	0.70136396144447999	0.0,0.0,0.7,0.29,0.01,0.0,0.0	-0.0027,0.0085,0.0110,0.0054,-0.0098,-0.0077,-0.0182,0.0241,0.0162,-0.0243
RU364	AFR	0.96530303030303022	0.97,0.0,0.01,0.03,0.0,0.0,0.0	0.0301,-0.0027,-0.0013,0.0032,0.0043,-0.0066,-0.0200,-0.0064,0.0041,-0.0277
RU373	EUR	0.93213897300340809	0.0,0.03,0.01,0.02,0.0,0.93,0.0	-0.0087,0.0175,0.0043,-0.0087,-0.0118,-0.0015,-0.0184,0.0264,0.0113,0.0095
RU374	AJ	0.977298245614035	0.0,0.98,0.0,0.0,0.0,0.02,0.0	-0.0096,0.0153,0.0010,-0.0132,-0.0439,-0.0076,-0.0233,0.0065,-0.0072,0.0192
RU377	AFR	0.7108420755714876	0.71,0.0,0.08,0.21,0.0,0.0,0.0	0.0222,0.0022,0.0064,-0.0036,-0.0002,-0.0083,0.0024,-0.0243,-0.0145,-0.0092
RU380	AFR	1.0	1.0,0.0,0.0,0.0,0.0,0.0,0.0	0.0267,-0.0006,0.0004,-0.0011,0.0045,0.0017,-0.0001,0.0143,-0.0042,0.0178
RU383	EUR	0.99904761904761896	0.0,0.0,0.0,0.0,0.0,1.0,0.0	-0.0105,0.0167,0.0060,-0.0069,0.0198,-0.0021,-0.0163,-0.0161,-0.0006,0.0065
RU385	AJ	1.0	0.0,1.0,0.0,0.0,0.0,0.0,0.0	-0.0092,0.0144,0.0008,-0.0126,-0.0379,0.0117,0.0093,-0.0034,0.0111,0.0285
RU386	EUR	0.94845238095238105	0.0,0.0,0.03,0.03,0.0,0.95,0.0	-0.0113,0.0139,0.0088,-0.0075,0.0229,-0.0000,-0.0131,0.0195,-0.0124,-0.0040
RU387	EUR	0.97756075036075019	0.0,0.01,0.01,0.01,0.0,0.98,0.0	-0.0104,0.0169,0.0060,-0.0060,0.0242,-0.0185,-0.0436,0.0033,0.0019,-0.0122
RU390	EUR	0.86630817711700059	0.02,0.08,0.01,0.01,0.01,0.87,0.0	-0.0095,0.0153,0.0013,-0.0102,-0.0089,0.0163,0.0046,-0.0103,-0.0093,0.0071
RU391	AJ	0.98457575757575755	0.0,0.98,0.0,0.0,0.0,0.01,0.0	-0.0087,0.0157,0.0037,-0.0110,-0.0438,0.0150,0.0175,-0.0123,-0.0086,0.0351
RU394	AMR	0.94041766951159733	0.0,0.0,0.94,0.06,0.0,0.0,0.0	-0.0060,0.0100,0.0148,0.0065,0.0002,0.0002,0.0139,0.0048,0.0186,-0.0526
RU395	AJ	0.99375000000000002	0.0,0.99,0.0,0.0,0.0,0.01,0.0	-0.0088,0.0167,0.0011,-0.0107,-0.0489,-0.0000,0.0005,-0.0040,0.0048,0.0075
RU397	DOMI	0.53827867203839075	0.36,0.0,0.07,0.54,0.0,0.03,0.0	0.0160,0.0048,0.0053,-0.0033,0.0014,0.0012,-0.0090,-0.0125,-0.0037,0.0122
RU400	AMR	0.75708091111693965	0.01,0.0,0.76,0.23,0.0,0.01,0.0	-0.0036,0.0111,0.0093,0.0060,-0.0047,-0.0081,-0.0196,0.0130,0.0137,-0.0082
RU403	AJ	0.94550686671429707	0.0,0.95,0.0,0.0,0.0,0.05,0.0	-0.0089,0.0175,0.0016,-0.0116,-0.0401,-0.0023,-0.0014,-0.0273,0.0112,-0.0047
RU407	EUR	0.87206099816935734	0.01,0.12,0.0,0.0,0.0,0.87,0.0	-0.0098,0.0180,0.0021,-0.0111,-0.0176,-0.0005,0.0176,0.0114,0.0189,-0.0634
RU408	AJ	0.98947368421052628	0.0,0.99,0.0,0.0,0.0,0.01,0.0	-0.0083,0.0155,0.0031,-0.0152,-0.0324,-0.0045,-0.0053,-0.0070,0.0032,-0.0187
RU416	EUR	0.91533789897087625	0.0,0.05,0.02,0.02,0.0,0.92,0.0	-0.0086,0.0181,0.0026,-0.0093,-0.0144,0.0136,0.0081,0.0134,0.0001,0.0142
RU417	EUR	0.96790263657910713	0.0,0.02,0.0,0.01,0.0,0.97,0.0	-0.0095,0.0177,0.0071,-0.0088,-0.0148,0.0033,-0.0072,-0.0018,-0.0003,-0.0123
RU420	EUR	0.70990885422820904	0.03,0.03,0.08,0.16,0.0,0.71,0.0	-0.0083,0.0149,0.0033,-0.0110,-0.0131,-0.0012,0.0009,0.0059,0.0030,0.0028
RU421	AJ	0.63291122139509237	0.01,0.63,0.01,0.01,0.0,0.33,0.0	-0.0091,0.0157,0.0011,-0.0080,-0.0239,-0.0153,-0.0358,0.0417,0.0111,-0.0073
RU422	AJ	0.97059210526315776	0.0,0.97,0.0,0.0,0.0,0.03,0.0	-0.0080,0.0163,0.0014,-0.0140,-0.0485,-0.0068,0.0135,-0.0190,0.0068,-0.0382
RU425	AFR	1.0	1.0,0.0,0.0,0.0,0.0,0.0,0.0	0.0252,0.0007,-0.0005,-0.0010,0.0002,0.0015,-0.0026,-0.0237,0.0025,0.0024
RU428	EAS	1.0	0.0,0.0,0.0,0.0,1.0,0.0,0.0	-0.0124,-0.0365,0.0052,-0.0152,-0.0079,0.0256,-0.0080,0.0138,-0.0021,0.0098
RU429	EUR	0.87689864971928499	0.02,0.08,0.01,0.01,0.0,0.88,0.0	-0.0088,0.0166,0.0016,-0.0097,-0.0125,0.0043,0.0156,-0.0020,-0.0073,-0.0347
RU432	EUR	0.92055398523045595	0.0,0.0,0.07,0.0,0.0,0.92,0.0	-0.0097,0.0162,0.0094,-0.0054,0.0216,0.0049,0.0227,-0.0087,0.0023,-0.0144
RU434	AJ	0.93671804511278201	0.0,0.94,0.0,0.0,0.0,0.06,0.0	-0.0088,0.0163,0.0036,-0.0144,-0.0467,0.0028,0.0098,0.0134,-0.0128,-0.0104
RU457	EUR	0.99925925925925929	0.0,0.0,0.0,0.0,0.0,1.0,0.0	-0.0105,0.0167,0.0081,-0.0094,0.0236,-0.0069,-0.0040,-0.0090,0.0062,0.0177
RU458	EUR	0.90045994425251408	0.0,0.09,0.0,0.01,0.0,0.9,0.0	-0.0092,0.0180,0.0029,-0.0132,-0.0118,-0.0082,-0.0126,0.0091,0.0058,-0.0131
RU461	EUR	0.99047186147186139	0.0,0.0,0.01,0.0,0.0,0.99,0.0	-0.0105,0.0172,0.0050,-0.0058,0.0291,-0.0107,-0.0278,-0.0009,-0.0012,0.0298
RU465	EUR	1.0	0.0,0.0,0.0,0.0,0.0,1.0,0.0	-0.0100,0.0177,0.0057,-0.0078,0.0260,0.0003,0.0053,0.0025,-0.0209,0.0041
RU466	EUR	0.6046338877840427	0.02,0.26,0.04,0.07,0.0,0.6,0.0	-0.0092,0.0145,0.0012,-0.0111,-0.0183,-0.0085,0.0034,-0.0216,-0.0080,-0.0096
RU467	EUR	0.99149206349206354	0.0,0.0,0.0,0.01,0.0,0.99,0.0	-0.0104,0.0182,0.0069,-0.0115,0.0297,0.0156,0.0270,0.0106,0.0215,-0.0395
RU472	AJ	0.94921804511278196	0.0,0.95,0.0,0.0,0.0,0.05,0.0	-0.0084,0.0167,0.0021,-0.0142,-0.0529,0.0044,0.0090,0.0150,0.0168,-0.0053
RU479	AJ	0.95880701754385955	0.0,0.96,0.0,0.01,0.0,0.03,0.0	-0.0087,0.0153,0.0058,-0.0143,-0.0346,-0.0037,-0.0012,-0.0079,-0.0013,-0.0080
RU480	AFR	0.99933333333333341	1.0,0.0,0.0,0.0,0.0,0.0,0.0	0.0319,-0.0031,-0.0017,0.0025,-0.0051,-0.0014,0.0083,-0.0086,0.0522,0.0097
RU484	AMR	0.87384022502757963	0.0,0.0,0.87,0.12,0.0,0.0,0.0	-0.0042,0.0083,0.0106,0.0098,-0.0044,0.0063,-0.0059,0.0066,0.0011,-0.0001
RU502	AFR	1.0	1.0,0.0,0.0,0.0,0.0,0.0,0.0	0.0312,-0.0033,-0.0020,-0.0016,-0.0005,-0.0045,-0.0018,0.0084,0.0043,0.0042
RU505	EUR	0.98855691812213564	0.0,0.01,0.0,0.0,0.0,0.99,0.0	-0.0111,0.0174,0.0032,-0.0090,0.0198,-0.0154,-0.0252,0.0007,-0.0074,0.0015
RU523	AFR	0.98428571428571432	0.98,0.0,0.0,0.02,0.0,0.0,0.0	0.0298,-0.0016,0.0002,0.0015,0.0082,-0.0111,-0.0285,0.0049,0.0120,0.0241
RU535	EUR	0.92764328014606656	0.01,0.02,0.02,0.03,0.0,0.93,0.0	-0.0095,0.0167,0.0052,-0.0074,0.0190,-0.0166,-0.0200,-0.0212,-0.0036,-0.0021
RU538	AMR	0.97962071846282373	0.0,0.0,0.98,0.01,0.0,0.0,0.0	-0.0101,-0.0042,0.0249,0.0456,-0.0023,0.0024,0.0055,-0.0001,-0.0008,-0.0272
RU549	EUR	0.99464387464387471	0.0,0.01,0.0,0.0,0.0,0.99,0.0	-0.0103,0.0186,0.0035,-0.0063,0.0219,-0.0069,-0.0033,-0.0119,-0.0045,-0.0135
RU560	EUR	0.98756075036075031	0.0,0.0,0.01,0.0,0.0,0.99,0.0	-0.0107,0.0166,0.0044,-0.0084,0.0120,-0.0110,-0.0305,-0.0191,-0.0101,0.0187
RU572	DOMI	0.86188318241672812	0.02,0.0,0.11,0.86,0.0,0.01,0.0	0.0023,0.0080,0.0077,0.0038,0.0019,0.0004,0.0155,0.0030,0.0048,-0.0003
RU574	AMR	0.96692086345027517	0.0,0.0,0.97,0.03,0.0,0.0,0.0	-0.0055,0.0083,0.0127,0.0113,-0.0065,-0.0075,-0.0139,0.0050,0.0167,-0.0207
RU582	EUR	0.99692307692307691	0.0,0.0,0.0,0.0,0.0,1.0,0.0	-0.0098,0.0189,0.0071,-0.0086,0.0214,-0.0014,0.0301,-0.0213,0.0113,-0.0097
RU587	EUR	0.84244627057530286	0.01,0.14,0.0,0.01,0.0,0.84,0.0	-0.0100,0.0169,0.0005,-0.0113,-0.0149,-0.0014,0.0026,0.0256,-0.0066,0.0165
RU594	EUR	0.995	0.0,0.01,0.0,0.0,0.0,0.99,0.0	-0.0100,0.0184,0.0081,-0.0088,0.0150,-0.0045,-0.0055,-0.0118,-0.0008,0.0338
RU595	EUR	0.68902413386739769	0.02,0.08,0.1,0.1,0.0,0.69,0.0	-0.0052,0.0156,0.0013,-0.0092,0.0022,-0.0005,-0.0109,-0.0016,-0.0018,0.0111
RU598	AJ	0.89737874990506572	0.0,0.9,0.01,0.01,0.0,0.09,0.0	-0.0085,0.0156,0.0062,-0.0114,-0.0452,-0.0114,-0.0247,0.0058,0.0041,-0.0355
RU599	DOMI	0.76871804249864883	0.03,0.0,0.2,0.77,0.0,0.0,0.0	0.0073,0.0046,0.0098,0.0029,0.0033,-0.0063,0.0005,0.0190,0.0155,0.0019
RU601	EUR	0.45673805932629463	0.15,0.01,0.08,0.1,0.18,0.46,0.02	-0.0122,-0.0058,0.0060,-0.0133,0.0133,0.0146,-0.0012,-0.0115,0.0240,-0.0310
RU615	DOMI	0.48696026720239616	0.05,0.0,0.45,0.49,0.0,0.01,0.0	0.0118,0.0023,0.0063,0.0102,0.0000,-0.0062,-0.0052,0.0072,0.0119,-0.0192
RU620	EUR	0.85110924369747887	0.0,0.0,0.01,0.0,0.14,0.85,0.0	-0.0116,0.0163,0.0067,-0.0104,0.0099,0.0094,0.0122,0.0317,-0.0069,-0.0008
RU622	EUR	0.99532324929971994	0.0,0.0,0.0,0.0,0.0,1.0,0.0	-0.0105,0.0168,0.0084,-0.0070,0.0073,-0.0019,-0.0223,0.0114,0.0134,-0.0177
RU633	AFR	0.91894813190676328	0.92,0.0,0.0,0.07,0.01,0.0,0.0	0.0232,0.0008,0.0031,-0.0009,0.0080,-0.0035,-0.0219,0.0222,0.0001,0.0136
RU641	EUR	0.97428571428571431	0.0,0.02,0.0,0.01,0.0,0.97,0.0	-0.0103,0.0182,0.0069,-0.0124,0.0227,0.0127,0.0037,0.0288,-0.0045,0.0063
RU646	AJ	0.89863230044808984	0.0,0.9,0.01,0.0,0.02,0.07,0.0	-0.0096,0.0158,0.0054,-0.0158,-0.0516,-0.0084,-0.0127,-0.0082,0.0072,-0.0528
RU651	EUR	0.99916666666666676	0.0,0.0,0.0,0.0,0.0,1.0,0.0	-0.0101,0.0171,0.0073,-0.0050,0.0296,0.0010,-0.0059,-0.0040,-0.0107,-0.0164
RU655	EUR	0.78437504629499499	0.04,0.06,0.03,0.09,0.0,0.78,0.0	-0.0089,0.0159,0.0040,-0.0061,0.0203,-0.0116,-0.0061,-0.0228,-0.0005,0.0208
RU667	DOMI	0.55960343486828412	0.2,0.0,0.23,0.56,0.0,0.0,0.0	0.0148,0.0027,0.0080,0.0042,0.0088,0.0101,0.0278,0.0094,-0.0255,-0.0069
RU670	AMR	0.66930367463134854	0.17,0.0,0.67,0.13,0.0,0.03,0.0	-0.0045,0.0113,0.0155,0.0056,0.0123,-0.0119,-0.0119,-0.0124,0.0108,-0.0262
RU672	AFR	0.50330989693911665	0.5,0.0,0.05,0.4,0.02,0.02,0.0	0.0153,0.0025,0.0014,0.0028,-0.0028,0.0087,-0.0124,0.0251,-0.0037,0.0061
RU680	EUR	1.0	0.0,0.0,0.0,0.0,0.0,1.0,0.0	-0.0110,0.0188,0.0042,-0.0069,0.0175,0.0085,0.0152,0.0113,0.0027,0.0232
RU685	EUR	0.99199999999999999	0.0,0.01,0.0,0.0,0.0,0.99,0.0	-0.0106,0.0175,0.0069,-0.0072,0.0241,0.0026,0.0102,-0.0187,-0.0073,-0.0072
RU694	AFR	1.0	1.0,0.0,0.0,0.0,0.0,0.0,0.0	0.0272,-0.0002,0.0010,-0.0034,-0.0003,0.0001,-0.0033,-0.0039,0.0054,0.0017
RU697	EUR	1.0	0.0,0.0,0.0,0.0,0.0,1.0,0.0	-0.0106,0.0162,0.0062,-0.0082,0.0196,0.0156,0.0125,0.0216,-0.0063,-0.0186
RU698	EUR	1.0	0.0,0.0,0.0,0.0,0.0,1.0,0.0	-0.0105,0.0171,0.0062,-0.0049,0.0216,0.0030,-0.0013,0.0292,0.0086,0.0107
RU702	EUR	0.98964387464387471	0.0,0.01,0.0,0.0,0.0,0.99,0.0	-0.0108,0.0180,0.0034,-0.0061,0.0153,-0.0048,0.0007,0.0106,-0.0144,0.0332
RU711	EUR	0.98906134453781513	0.0,0.01,0.0,0.0,0.0,0.99,0.0	-0.0105,0.0166,0.0094,-0.0055,0.0221,-0.0175,-0.0192,-0.0048,0.0035,-0.0116
RU714	EUR	0.96352609356064733	0.0,0.03,0.0,0.0,0.0,0.96,0.0	-0.0099,0.0170,0.0045,-0.0101,-0.0014,-0.0074,-0.0242,0.0423,0.0018,-0.0204
RU715	AJ	0.94957575757575752	0.0,0.95,0.0,0.0,0.0,0.05,0.0	-0.0093,0.0143,0.0043,-0.0118,-0.0366,0.0088,0.0295,-0.0016,0.0179,-0.0086
RU718	AJ	0.93532222222222228	0.0,0.94,0.01,0.01,0.0,0.05,0.0	-0.0080,0.0159,0.0040,-0.0077,-0.0447,-0.0193,-0.0318,0.0151,-0.0087,0.0060
RU725	AFR	0.97789139877061826	0.98,0.0,0.0,0.02,0.0,0.0,0.0	0.0233,0.0016,0.0014,-0.0036,0.0052,0.0059,0.0070,-0.0138,-0.0111,0.0055
RU727	EUR	0.84513746438746451	0.03,0.11,0.0,0.0,0.01,0.85,0.0	-0.0107,0.0155,0.0004,-0.0090,0.0198,0.0013,-0.0103,-0.0211,0.0005,0.0146
RU729	EUR	0.95773769460150537	0.0,0.01,0.01,0.02,0.0,0.96,0.0	-0.0089,0.0178,0.0070,-0.0089,0.0146,0.0081,-0.0121,0.0044,-0.0004,-0.0362
RU736	EUR	0.94741876750700271	0.0,0.0,0.0,0.0,0.05,0.95,0.0	-0.0116,0.0199,0.0094,-0.0051,0.0246,-0.0117,-0.0175,0.0249,0.0095,-0.0241
RU740	EUR	0.97764285714285704	0.0,0.0,0.02,0.0,0.0,0.98,0.0	-0.0100,0.0165,0.0075,-0.0068,0.0225,-0.0007,-0.0207,-0.0148,0.0139,-0.0125
RU743	EUR	0.98464912280701755	0.0,0.01,0.0,0.0,0.0,0.98,0.0	-0.0097,0.0177,0.0075,-0.0104,0.0243,0.0007,-0.0135,0.0106,0.0087,-0.0364
RU746	AFR	0.86360820896420865	0.86,0.0,0.01,0.12,0.0,0.0,0.0	0.0213,0.0026,0.0039,0.0015,0.0032,-0.0038,0.0044,-0.0052,-0.0117,0.0011
RU753	EUR	0.95973227185611099	0.0,0.0,0.03,0.01,0.0,0.96,0.0	-0.0108,0.0161,0.0105,-0.0056,0.0191,-0.0031,-0.0109,-0.0198,0.0097,-0.0354
RU758	EUR	0.98436075036075021	0.0,0.0,0.01,0.01,0.0,0.98,0.0	-0.0103,0.0168,0.0068,-0.0079,0.0255,-0.0048,-0.0299,-0.0049,-0.0039,0.0057
RU759	EUR	0.96650304727951797	0.0,0.0,0.02,0.01,0.0,0.97,0.0	-0.0103,0.0160,0.0081,-0.0076,0.0125,-0.0175,-0.0334,0.0075,0.0144,-0.0367
RU764	EUR	0.96349019607843134	0.0,0.0,0.0,0.0,0.03,0.96,0.0	-0.0114,0.0182,0.0062,-0.0073,0.0229,-0.0048,-0.0080,0.0117,-0.0012,0.0094
RU777	EUR	0.99249234196602609	0.0,0.0,0.0,0.01,0.0,0.99,0.0	-0.0107,0.0187,0.0073,-0.0112,0.0198,0.0120,0.0025,0.0045,-0.0002,0.0149
RU785	EUR	1.0	0.0,0.0,0.0,0.0,0.0,1.0,0.0	-0.0107,0.0171,0.0044,-0.0063,0.0149,0.0143,0.0115,-0.0097,0.0016,0.0350
RU791	EUR	0.78897920989610992	0.04,0.04,0.05,0.07,0.0,0.79,0.0	-0.0088,0.0151,0.0067,-0.0076,0.0126,-0.0010,-0.0240,0.0240,-0.0074,-0.0022
RU797	EUR	0.36937908496732019	0.1,0.01,0.12,0.17,0.22,0.37,0.02	-0.0116,-0.0069,0.0060,-0.0123,0.0049,-0.0373,0.0289,0.0055,-0.0054,-0.0145
RU799	AFR	0.97999999999999998	0.98,0.0,0.0,0.02,0.0,0.0,0.0	0.0255,0.0002,0.0007,-0.0035,-0.0007,-0.0024,0.0063,-0.0137,0.0324,-0.0059
RU802	AFR	0.6882278469408446	0.69,0.02,0.05,0.2,0.0,0.05,0.0	0.0240,0.0021,0.0051,-0.0046,0.0010,0.0112,0.0120,0.0114,-0.0094,0.0130
RU811	EUR	1.0	0.0,0.0,0.0,0.0,0.0,1.0,0.0	-0.0105,0.0164,0.0069,-0.0071,0.0212,0.0092,0.0089,0.0149,-0.0131,-0.0164
RU812	EUR	0.98729901677270093	0.0,0.01,0.0,0.0,0.01,0.99,0.0	-0.0103,0.0190,0.0082,-0.0127,0.0167,0.0012,0.0120,-0.0131,-0.0113,0.0090
RU829	EUR	1.0	0.0,0.0,0.0,0.0,0.0,1.0,0.0	-0.0102,0.0172,0.0077,-0.0081,0.0272,0.0042,0.0120,0.0156,0.0020,-0.0251
RU830	AJ	0.97252661064425761	0.0,0.97,0.0,0.0,0.0,0.02,0.0	-0.0093,0.0161,0.0027,-0.0097,-0.0402,0.0098,-0.0078,0.0015,-0.0016,0.0092
RU833	EUR	1.0	0.0,0.0,0.0,0.0,0.0,1.0,0.0	-0.0101,0.0182,0.0047,-0.0091,0.0223,-0.0010,-0.0060,0.0138,-0.0091,0.0258
RU836	EUR	0.96920000000000006	0.0,0.03,0.0,0.0,0.0,0.97,0.0	-0.0104,0.0183,0.0056,-0.0104,0.0113,-0.0113,-0.0270,0.0189,0.0006,-0.0104
RU840	EUR	0.98015837104072401	0.0,0.01,0.0,0.0,0.01,0.98,0.0	-0.0098,0.0169,0.0038,-0.0091,0.0235,-0.0009,0.0341,-0.0197,-0.0084,0.0067
RU847	EUR	1.0	0.0,0.0,0.0,0.0,0.0,1.0,0.0	-0.0112,0.0175,0.0067,-0.0090,0.0238,0.0098,0.0039,-0.0104,-0.0030,0.0033
RU848	AFR	0.94191919191919182	0.94,0.0,0.01,0.03,0.0,0.02,0.0	0.0294,-0.0019,0.0036,-0.0033,0.0137,-0.0027,0.0025,-0.0253,0.0053,-0.0102
RU855	EUR	0.49118676742360956	0.0,0.48,0.0,0.02,0.0,0.49,0.0	-0.0095,0.0165,0.0067,-0.0112,-0.0211,0.0030,-0.0057,0.0015,0.0195,-0.0195
RU857	EUR	0.98588235294117654	0.0,0.01,0.0,0.0,0.0,0.99,0.0	-0.0103,0.0181,0.0052,-0.0094,0.0276,-0.0007,-0.0152,-0.0186,0.0045,-0.0065
RU858	DOMI	0.87991649740232991	0.01,0.0,0.09,0.88,0.0,0.02,0.0	0.0071,0.0058,0.0076,0.0017,-0.0070,0.0086,0.0265,-0.0134,0.0108,-0.0213
RU862	EUR	1.0	0.0,0.0,0.0,0.0,0.0,1.0,0.0	-0.0104,0.0171,0.0081,-0.0093,0.0383,0.0077,0.0254,0.0192,-0.0062,0.0125
RU864	EUR	1.0	0.0,0.0,0.0,0.0,0.0,1.0,0.0	-0.0105,0.0178,0.0077,-0.0097,0.0258,0.0086,0.0089,0.0132,-0.0028,-0.0084
RU866	EUR	1.0	0.0,0.0,0.0,0.0,0.0,1.0,0.0	-0.0104,0.0176,0.0065,-0.0049,0.0226,-0.0040,0.0000,0.0082,0.0118,-0.0339
RU867	EUR	0.89440510120541072	0.0,0.01,0.07,0.02,0.0,0.89,0.0	-0.0096,0.0165,0.0104,-0.0108,0.0228,0.0112,0.0198,-0.0162,0.0228,-0.0346
RU880	AFR	0.93407692307692314	0.93,0.0,0.01,0.06,0.0,0.0,0.0	0.0297,-0.0021,0.0035,-0.0041,0.0044,0.0020,0.0112,-0.0028,-0.0015,0.0033
RU883	DOMI	0.49344823202689336	0.02,0.0,0.48,0.49,0.0,0.0,0.01	0.0020,0.0058,0.0105,0.0105,-0.0017,-0.0122,-0.0185,0.0154,-0.0014,-0.0039
RU886	EUR	1.0	0.0,0.0,0.0,0.0,0.0,1.0,0.0	-0.0104,0.0183,0.0089,-0.0067,0.0243,-0.0031,-0.0005,-0.0190,0.0117,0.0112
RU905	AFR	1.0	1.0,0.0,0.0,0.0,0.0,0.0,0.0	0.0324,-0.0025,0.0011,-0.0025,0.0007,-0.0077,0.0063,-0.0033,-0.0166,-0.0027
RU915	EUR	0.85065181231025633	0.01,0.14,0.0,0.0,0.0,0.85,0.0	-0.0104,0.0174,0.0008,-0.0119,-0.0139,0.0117,0.0104,0.0202,-0.0092,-0.0022
RU924	EUR	1.0	0.0,0.0,0.0,0.0,0.0,1.0,0.0	-0.0103,0.0174,0.0069,-0.0100,0.0208,0.0140,0.0024,0.0147,-0.0000,0.0244
RU939	EUR	1.0	0.0,0.0,0.0,0.0,0.0,1.0,0.0	-0.0100,0.0175,0.0087,-0.0049,0.0175,0.0075,0.0077,0.0078,-0.0120,0.0009
RU943	AJ	0.95179212943918823	0.0,0.95,0.0,0.0,0.0,0.05,0.0	-0.0083,0.0155,0.0038,-0.0130,-0.0355,-0.0089,0.0190,-0.0019,0.0069,0.0009
RU967	EUR	0.98816666666666664	0.0,0.0,0.0,0.01,0.0,0.99,0.0	-0.0110,0.0182,0.0056,-0.0068,0.0091,-0.0069,-0.0097,-0.0021,-0.0031,-0.0134
RU997	AFR	1.0	1.0,0.0,0.0,0.0,0.0,0.0,0.0	0.0293,-0.0006,-0.0006,0.0001,0.0018,-0.0071,0.0012,-0.0108,0.0094,0.0033
RU1001	EUR	0.95636684840712305	0.0,0.03,0.01,0.01,0.0,0.96,0.0	-0.0097,0.0183,0.0047,-0.0081,0.0009,-0.0102,-0.0253,-0.0130,-0.0132,0.0076
RU1002	EUR	1.0	0.0,0.0,0.0,0.0,0.0,1.0,0.0	-0.0103,0.0158,0.0069,-0.0074,0.0196,-0.0023,0.0128,-0.0189,-0.0046,0.0123
RU1005	AMR	0.69763333776690628	0.0,0.0,0.7,0.3,0.0,0.0,0.0	-0.0026,0.0107,0.0110,0.0047,-0.0030,-0.0106,-0.0044,-0.0181,0.0054,0.0052
RU1007	EUR	0.98699999999999999	0.0,0.01,0.0,0.01,0.0,0.99,0.0	-0.0102,0.0156,0.0084,-0.0074,0.0194,-0.0089,-0.0007,-0.0395,-0.0179,0.0054
RU1019	EUR	0.9961823361823362	0.0,0.0,0.0,0.0,0.0,1.0,0.0	-0.0102,0.0182,0.0074,-0.0108,0.0206,-0.0024,-0.0181,-0.0179,0.0023,0.0153
RU1026	EUR	0.90862355183516197	0.02,0.05,0.0,0.02,0.0,0.91,0.0	-0.0094,0.0164,0.0056,-0.0104,-0.0010,-0.0051,-0.0070,-0.0235,0.0062,-0.0039
RU1032	AFR	0.91638102026023982	0.92,0.0,0.01,0.08,0.0,0.0,0.0	0.0200,0.0033,0.0009,-0.0009,0.0035,0.0060,0.0232,0.0030,0.0058,-0.0118
RU1041	EUR	0.99319999999999997	0.0,0.01,0.0,0.0,0.0,0.99,0.0	-0.0107,0.0170,0.0087,-0.0068,0.0247,-0.0212,-0.0145,-0.0263,0.0076,0.0013
RU1043	EUR	0.99224761904761893	0.0,0.01,0.0,0.0,0.0,0.99,0.0	-0.0109,0.0171,0.0075,-0.0081,0.0217,-0.0166,-0.0256,0.0038,-0.0113,0.0318
RU1044	AFR	1.0	1.0,0.0,0.0,0.0,0.0,0.0,0.0	0.0286,-0.0006,0.0004,-0.0001,-0.0003,-0.0004,-0.0016,-0.0129,0.0013,0.0011
RU1054	AMR	0.95699603174603165	0.0,0.0,0.96,0.02,0.0,0.0,0.02	-0.0097,0.0070,0.0135,0.0172,-0.0073,0.0161,-0.0049,0.0222,0.0120,-0.0034
RU1056	AMR	0.68242081713177005	0.01,0.0,0.68,0.3,0.01,0.0,0.0	-0.0023,0.0084,0.0087,0.0083,-0.0065,0.0011,0.0038,0.0352,-0.0130,0.0197
RU1062	EUR	1.0	0.0,0.0,0.0,0.0,0.0,1.0,0.0	-0.0108,0.0188,0.0087,-0.0083,0.0171,0.0124,0.0109,0.0100,0.0049,0.0047
RU1063	AMR	0.94545178003496622	0.0,0.0,0.95,0.05,0.0,0.0,0.0	-0.0020,0.0072,0.0125,0.0076,-0.0005,0.0027,-0.0249,0.0043,-0.0040,-0.0135
RU1069	AFR	0.99567251461988293	1.0,0.0,0.0,0.0,0.0,0.0,0.0	0.0291,-0.0016,0.0022,-0.0026,0.0008,0.0012,0.0082,-0.0007,-0.0073,-0.0203
RU1072	AMR	0.90008556285762154	0.0,0.0,0.9,0.09,0.01,0.01,0.0	-0.0055,0.0082,0.0111,0.0078,-0.0033,-0.0075,-0.0202,0.0100,-0.0043,-0.0057
RU1075	AFR	1.0	1.0,0.0,0.0,0.0,0.0,0.0,0.0	0.0337,-0.0030,-0.0004,0.0001,0.0051,0.0144,0.0095,0.0128,-0.0077,0.0166
RU1079	AFR	1.0	1.0,0.0,0.0,0.0,0.0,0.0,0.0	0.0319,-0.0029,0.0012,-0.0000,-0.0039,-0.0029,-0.0011,0.0065,0.0014,0.0127
RU1080	AFR	0.68102420741642467	0.68,0.0,0.05,0.16,0.0,0.11,0.0	0.0179,0.0025,0.0041,-0.0060,0.0158,0.0083,-0.0153,-0.0190,0.0094,0.0061
RU1082	AMR	0.80839348831795865	0.01,0.0,0.81,0.15,0.0,0.0,0.04	-0.0081,0.0044,0.0153,0.0222,-0.0023,0.0099,0.0482,0.0262,0.0067,-0.0045
RU1084	AJ	0.61700849345586184	0.01,0.62,0.02,0.01,0.02,0.31,0.0	-0.0095,0.0151,0.0057,-0.0103,-0.0218,-0.0046,0.0016,-0.0210,-0.0125,0.0078
RU1086	EUR	0.94650157685451819	0.01,0.0,0.03,0.02,0.0,0.95,0.0	-0.0091,0.0181,0.0076,-0.0099,0.0252,-0.0095,-0.0042,0.0185,-0.0114,-0.0093
RU1089	EUR	0.99916666666666676	0.0,0.0,0.0,0.0,0.0,1.0,0.0	-0.0107,0.0184,0.0095,-0.0102,0.0234,0.0020,-0.0160,0.0291,0.0005,-0.0166
RU1093	EUR	0.99720634920634921	0.0,0.0,0.0,0.0,0.0,1.0,0.0	-0.0101,0.0173,0.0081,-0.0106,0.0278,0.0078,0.0131,0.0058,0.0138,-0.0309
RU1094	AFR	0.96376067821067823	0.96,0.0,0.0,0.03,0.0,0.0,0.0	0.0255,0.0013,0.0021,-0.0011,-0.0004,-0.0005,0.0017,-0.0044,-0.0049,-0.0089
RU1101	EUR	0.98533333333333351	0.0,0.01,0.01,0.0,0.0,0.99,0.0	-0.0108,0.0155,0.0074,-0.0096,0.0137,-0.0093,0.0004,0.0246,0.0012,-0.0561
RU1102	AMR	0.78118165440161991	0.01,0.0,0.78,0.19,0.01,0.01,0.01	-0.0092,0.0077,0.0111,0.0116,0.0080,-0.0158,-0.0422,0.0120,0.0066,0.0291
RU1104	DOMI	0.74933367485341151	0.05,0.0,0.2,0.75,0.0,0.0,0.0	0.0127,0.0033,0.0090,0.0028,-0.0018,-0.0067,-0.0352,0.0013,-0.0121,-0.0060
RU1105	EUR	0.996	0.0,0.0,0.0,0.0,0.0,1.0,0.0	-0.0099,0.0183,0.0066,-0.0092,0.0265,-0.0133,-0.0255,0.0220,-0.0047,0.0066
RU1107	EUR	0.83911413048022954	0.0,0.05,0.08,0.03,0.0,0.84,0.0	-0.0094,0.0165,0.0092,-0.0084,0.0070,0.0009,-0.0062,-0.0135,0.0094,-0.0369
RU1109	EUR	0.96764005602240899	0.0,0.03,0.0,0.0,0.0,0.97,0.0	-0.0096,0.0176,0.0038,-0.0100,-0.0029,0.0158,-0.0100,0.0011,0.0041,0.0073
RU1118	EUR	0.86683563903555427	0.04,0.09,0.0,0.0,0.0,0.87,0.0	-0.0094,0.0162,-0.0003,-0.0088,-0.0102,0.0032,0.0031,0.0014,0.0006,-0.0253
RU1120	EUR	0.97168498168498174	0.0,0.0,0.0,0.02,0.0,0.97,0.0	-0.0097,0.0176,0.0046,-0.0077,0.0163,-0.0048,-0.0038,-0.0108,0.0072,0.0139
RU1127	EUR	0.93517583341012878	0.0,0.02,0.0,0.01,0.03,0.94,0.0	-0.0107,0.0196,0.0047,-0.0139,0.0230,0.0043,0.0004,0.0181,0.0023,0.0159
RU1128	EUR	0.98999999999999999	0.0,0.01,0.0,0.0,0.0,0.99,0.0	-0.0104,0.0194,0.0076,-0.0104,0.0173,0.0104,-0.0142,0.0145,0.0012,-0.0182
RU1130	EUR	0.79432491342506817	0.03,0.12,0.01,0.05,0.0,0.79,0.0	-0.0094,0.0154,0.0032,-0.0108,-0.0165,-0.0038,0.0021,-0.0029,0.0070,-0.0143
RU1131	EUR	0.99900000000000011	0.0,0.0,0.0,0.0,0.0,1.0,0.0	-0.0105,0.0172,0.0067,-0.0075,0.0129,-0.0005,-0.0181,-0.0079,-0.0044,-0.0030
RU1136	EUR	0.99538461538461542	0.0,0.0,0.0,0.0,0.0,1.0,0.0	-0.0099,0.0184,0.0036,-0.0073,0.0235,-0.0020,-0.0075,-0.0119,-0.0095,-0.0074
RU1140	AFR	1.0	1.0,0.0,0.0,0.0,0.0,0.0,0.0	0.0298,-0.0008,-0.0020,-0.0001,0.0021,0.0051,0.0025,0.0099,-0.0056,0.0136
RU1143	EUR	0.9685958968567665	0.0,0.01,0.0,0.02,0.0,0.97,0.0	-0.0097,0.0172,0.0045,-0.0071,-0.0107,0.0108,0.0154,0.0216,0.0071,-0.0255
RU1145	DOMI	0.59105980335454011	0.3,0.0,0.05,0.59,0.0,0.06,0.0	0.0084,0.0083,0.0043,-0.0019,0.0128,-0.0044,-0.0059,0.0062,-0.0018,0.0289
RU1150	EUR	0.99357142857142866	0.0,0.0,0.01,0.0,0.0,0.99,0.0	-0.0109,0.0156,0.0091,-0.0061,0.0202,-0.0055,0.0084,-0.0302,0.0040,-0.0071
RU1153	EUR	0.99916666666666676	0.0,0.0,0.0,0.0,0.0,1.0,0.0	-0.0101,0.0159,0.0078,-0.0073,0.0228,-0.0113,-0.0072,-0.0280,0.0051,-0.0178
RU1160	EUR	0.44375147308831508	0.02,0.02,0.39,0.12,0.0,0.44,0.0	-0.0069,0.0132,0.0093,-0.0029,0.0182,0.0018,0.0090,0.0092,-0.0075,-0.0289
RU1164	EUR	0.79370455351048308	0.01,0.19,0.0,0.0,0.0,0.79,0.0	-0.0101,0.0173,0.0011,-0.0095,-0.0163,0.0069,0.0077,0.0295,0.0156,-0.0414
RU1165	EUR	0.97032750995134909	0.0,0.0,0.03,0.0,0.0,0.97,0.0	-0.0108,0.0161,0.0097,-0.0093,0.0092,0.0025,0.0097,0.0087,0.0026,-0.0123
RU1167	EUR	0.53389481800934879	0.05,0.04,0.11,0.25,0.0,0.53,0.01	-0.0037,0.0144,0.0044,-0.0062,0.0148,0.0218,0.0137,0.0164,-0.0135,0.0062
RU1180	EUR	0.765054309738882	0.05,0.07,0.05,0.06,0.0,0.77,0.0	-0.0082,0.0156,-0.0004,-0.0100,-0.0109,-0.0059,-0.0017,-0.0285,0.0116,-0.0143
RU1186	EUR	0.97363759606406663	0.01,0.01,0.0,0.01,0.0,0.97,0.0	-0.0096,0.0172,0.0046,-0.0105,-0.0073,-0.0059,0.0033,-0.0125,0.0025,-0.0185
RU1187	EUR	0.99916666666666676	0.0,0.0,0.0,0.0,0.0,1.0,0.0	-0.0101,0.0166,0.0058,-0.0061,0.0247,-0.0004,0.0098,-0.0299,0.0051,-0.0063
RU1189	AFR	0.91331896403689339	0.91,0.0,0.01,0.08,0.0,0.0,0.0	0.0221,0.0022,0.0014,-0.0044,0.0058,0.0178,0.0029,0.0037,0.0063,0.0308
RU1190	EUR	0.94835962566844922	0.01,0.04,0.0,0.0,0.0,0.95,0.0	-0.0102,0.0175,0.0058,-0.0103,0.0027,-0.0134,0.0020,-0.0368,-0.0085,-0.0068
RU1193	EUR	0.99888888888888883	0.0,0.0,0.0,0.0,0.0,1.0,0.0	-0.0110,0.0158,0.0048,-0.0095,0.0114,0.0151,0.0308,0.0169,-0.0115,-0.0270
RU1199	EUR	0.98694126656510572	0.0,0.0,0.01,0.0,0.0,0.99,0.0	-0.0108,0.0162,0.0097,-0.0113,0.0216,-0.0016,-0.0059,0.0269,-0.0007,-0.0083
RU1211	EUR	0.93360495828518264	0.0,0.02,0.01,0.04,0.0,0.93,0.0	-0.0087,0.0168,0.0068,-0.0106,0.0048,0.0114,0.0226,0.0101,0.0091,0.0164
RU1212	DOMI	0.94243868092691629	0.01,0.0,0.04,0.94,0.0,0.01,0.0	0.0063,0.0072,0.0054,0.0005,-0.0013,0.0147,-0.0011,0.0184,0.0083,0.0111
RU1215	EUR	0.71644524919524943	0.01,0.01,0.18,0.08,0.0,0.72,0.0	-0.0079,0.0175,0.0055,-0.0034,0.0204,0.0048,0.0238,0.0089,0.0058,0.0047
RU1217	DOMI	0.35034395685644654	0.33,0.01,0.05,0.35,0.0,0.26,0.0	0.0065,0.0099,0.0057,-0.0056,0.0150,-0.0058,-0.0217,0.0223,-0.0097,0.0022
RU1219	EUR	0.95095238095238088	0.02,0.0,0.01,0.02,0.0,0.95,0.0	-0.0096,0.0167,0.0044,-0.0059,0.0189,0.0123,0.0062,0.0300,-0.0062,-0.0056
RU1223	EUR	0.90409157921541816	0.0,0.0,0.08,0.01,0.0,0.9,0.0	-0.0095,0.0178,0.0102,-0.0095,0.0032,0.0147,-0.0047,0.0265,0.0136,-0.0037
RU1224	EUR	1.0	0.0,0.0,0.0,0.0,0.0,1.0,0.0	-0.0108,0.0176,0.0090,-0.0075,0.0238,-0.0085,-0.0085,0.0027,0.0024,0.0148
RU1226	AFR	0.98989473684210527	0.99,0.0,0.0,0.01,0.0,0.0,0.0	0.0258,-0.0002,0.0026,-0.0027,-0.0001,0.0001,-0.0060,0.0157,0.0045,0.0107
RU1228	DOMI	0.74603258324666499	0.04,0.0,0.2,0.75,0.01,0.0,0.0	0.0131,0.0038,0.0067,0.0066,-0.0065,-0.0025,-0.0121,0.0217,-0.0079,0.0198
RU1230	EUR	0.97349111801511201	0.0,0.01,0.0,0.01,0.0,0.97,0.0	-0.0091,0.0180,0.0054,-0.0096,0.0259,0.0031,0.0020,0.0115,-0.0118,0.0263
RU1233	EUR	0.96342923280423287	0.0,0.0,0.01,0.01,0.02,0.96,0.0	-0.0099,0.0163,0.0070,-0.0122,0.0209,0.0116,0.0403,0.0093,0.0010,-0.0319
RU1235	AFR	0.89445467536330681	0.89,0.0,0.01,0.09,0.0,0.0,0.0	0.0188,0.0017,-0.0021,-0.0024,0.0135,-0.0005,-0.0069,-0.0264,-0.0014,-0.0123
RU1236	EUR	0.98276610644257711	0.0,0.0,0.02,0.0,0.0,0.98,0.0	-0.0106,0.0157,0.0094,-0.0077,0.0260,-0.0155,-0.0164,-0.0014,0.0080,-0.0125
RU1243	EUR	0.92750625992365132	0.0,0.0,0.05,0.02,0.0,0.93,0.0	-0.0102,0.0167,0.0065,-0.0037,0.0181,0.0044,-0.0041,-0.0163,0.0192,-0.0207
RU1244	EUR	0.93745879120879128	0.01,0.02,0.01,0.02,0.0,0.94,0.0	-0.0093,0.0167,0.0051,-0.0073,0.0227,0.0121,0.0306,-0.0009,-0.0169,-0.0016
RU1248	EUR	0.8775696377696377	0.01,0.02,0.05,0.05,0.0,0.88,0.0	-0.0095,0.0157,0.0075,-0.0056,0.0163,-0.0106,-0.0208,-0.0047,0.0123,-0.0048
RU1256	AFR	0.99400000000000011	0.99,0.0,0.0,0.01,0.0,0.0,0.0	0.0308,-0.0015,0.0034,0.0019,0.0027,-0.0003,-0.0223,-0.0146,0.0148,-0.0069
RU1259	EUR	0.94570018174045634	0.0,0.03,0.0,0.01,0.02,0.95,0.0	-0.0097,0.0173,0.0053,-0.0117,-0.0090,-0.0007,-0.0237,-0.0031,-0.0196,0.0148
RU1261	EUR	0.92810128689156812	0.01,0.02,0.01,0.03,0.0,0.93,0.0	-0.0088,0.0176,0.0049,-0.0097,0.0012,0.0048,-0.0043,-0.0122,0.0120,0.0022
RU1264	EUR	0.9812121212121212	0.0,0.02,0.0,0.0,0.0,0.98,0.0	-0.0111,0.0174,0.0052,-0.0087,0.0128,0.0124,0.0217,0.0491,-0.0126,-0.0034
RU1267	EUR	0.41571724266072096	0.08,0.03,0.2,0.27,0.0,0.42,0.0	-0.0078,0.0140,0.0039,-0.0051,0.0006,0.0148,0.0334,-0.0053,0.0027,0.0097
RU1272	AMR	0.43497395248744042	0.0,0.01,0.43,0.27,0.0,0.28,0.0	-0.0077,0.0140,0.0059,-0.0036,0.0093,-0.0014,-0.0074,0.0119,-0.0042,0.0154
RU1275	EUR	1.0	0.0,0.0,0.0,0.0,0.0,1.0,0.0	-0.0107,0.0171,0.0061,-0.0060,0.0195,0.0012,-0.0085,0.0003,-0.0016,-0.0131
RU1279	EUR	0.96508513708513699	0.0,0.02,0.01,0.0,0.0,0.97,0.0	-0.0105,0.0191,0.0062,-0.0121,0.0203,0.0084,-0.0002,0.0448,0.0377,-0.0602
RU1282	EUR	0.96835164835164844	0.01,0.0,0.01,0.01,0.0,0.97,0.0	-0.0095,0.0183,0.0070,-0.0074,0.0169,-0.0118,-0.0174,0.0058,0.0026,-0.0341
RU1284	EUR	0.99442592592592594	0.0,0.0,0.0,0.0,0.0,0.99,0.0	-0.0100,0.0166,0.0026,-0.0057,0.0131,0.0042,0.0002,-0.0177,0.0059,0.0029
RU1286	EUR	0.99714285714285722	0.0,0.0,0.0,0.0,0.0,1.0,0.0	-0.0103,0.0180,0.0063,-0.0052,0.0159,0.0046,-0.0185,0.0102,-0.0000,0.0221
RU1287	EUR	0.95805707450444288	0.0,0.0,0.03,0.01,0.0,0.96,0.0	-0.0101,0.0188,0.0099,-0.0087,0.0189,-0.0140,-0.0402,0.0185,0.0161,-0.0524
RU1290	EUR	1.0	0.0,0.0,0.0,0.0,0.0,1.0,0.0	-0.0107,0.0171,0.0055,-0.0088,0.0280,0.0104,0.0319,0.0010,-0.0010,-0.0263
RU1292	EUR	1.0	0.0,0.0,0.0,0.0,0.0,1.0,0.0	-0.0103,0.0179,0.0038,-0.0062,0.0319,0.0021,0.0087,-0.0313,-0.0056,0.0177
RU1293	EUR	0.61456425748164878	0.0,0.02,0.25,0.11,0.0,0.61,0.0	-0.0105,0.0165,0.0082,-0.0018,-0.0133,-0.0011,-0.0020,-0.0347,-0.0095,-0.0142
RU1295	DOMI	0.90227617152369466	0.01,0.01,0.07,0.9,0.0,0.02,0.0	0.0067,0.0063,0.0079,-0.0010,-0.0071,0.0124,0.0301,0.0122,0.0088,-0.0288
RU1297	EUR	0.98942857142857155	0.0,0.01,0.0,0.0,0.0,0.99,0.0	-0.0099,0.0166,0.0063,-0.0070,0.0299,-0.0009,-0.0065,0.0145,0.0142,0.0250
RU1302	EUR	0.79460404040404042	0.02,0.0,0.11,0.07,0.0,0.79,0.0	-0.0110,0.0183,0.0068,-0.0043,0.0113,-0.0048,-0.0238,0.0353,-0.0079,-0.0047
RU1303	EUR	0.99597069597069587	0.0,0.0,0.0,0.0,0.0,1.0,0.0	-0.0104,0.0167,0.0079,-0.0108,0.0203,0.0080,-0.0245,-0.0070,0.0047,0.0051
RU1316	EUR	0.99142857142857144	0.0,0.01,0.0,0.0,0.0,0.99,0.0	-0.0096,0.0178,0.0058,-0.0085,0.0159,-0.0136,-0.0114,0.0014,-0.0178,0.0338
RU1320	EUR	0.89939893852277752	0.0,0.0,0.07,0.03,0.0,0.9,0.0	-0.0105,0.0186,0.0114,-0.0096,0.0083,-0.0066,-0.0013,-0.0051,0.0136,-0.0440
RU1322	EUR	0.6089161828424986	0.05,0.05,0.1,0.19,0.01,0.61,0.0	-0.0026,0.0126,0.0056,-0.0116,0.0189,0.0013,-0.0062,-0.0036,0.0121,0.0061
RU1325	AFR	0.97727272727272718	0.98,0.0,0.0,0.02,0.0,0.0,0.0	0.0242,0.0011,-0.0006,-0.0012,-0.0031,0.0063,-0.0100,-0.0026,-0.0137,-0.0070
RU1326	AMR	0.87851162464985999	0.04,0.0,0.88,0.07,0.0,0.0,0.01	-0.0077,-0.0007,0.0236,0.0357,-0.0030,0.0058,0.0169,-0.0243,-0.0196,0.0174
RU1331	EUR	0.90437229437229449	0.01,0.0,0.07,0.01,0.0,0.9,0.0	-0.0110,0.0172,0.0059,-0.0019,0.0295,-0.0126,-0.0050,0.0226,0.0017,0.0303
RU1332	EUR	1.0	0.0,0.0,0.0,0.0,0.0,1.0,0.0	-0.0111,0.0175,0.0037,-0.0081,0.0341,-0.0076,-0.0108,0.0131,-0.0013,0.0156
RU1335	AMR	0.56068014317933546	0.0,0.0,0.56,0.43,0.0,0.01,0.0	-0.0039,0.0095,0.0097,-0.0010,-0.0031,-0.0073,0.0058,0.0045,0.0125,-0.0580
RU1341	EUR	0.99199999999999999	0.0,0.01,0.0,0.0,0.0,0.99,0.0	-0.0109,0.0164,0.0049,-0.0087,0.0201,-0.0049,-0.0082,-0.0301,-0.0132,-0.0007
RU1344	EUR	1.0	0.0,0.0,0.0,0.0,0.0,1.0,0.0	-0.0103,0.0187,0.0059,-0.0070,0.0266,-0.0046,-0.0080,-0.0140,0.0098,-0.0066
RU1351	EUR	0.995	0.0,0.0,0.0,0.01,0.0,0.99,0.0	-0.0105,0.0170,0.0046,-0.0089,0.0287,0.0067,0.0057,-0.0091,-0.0144,0.0164
RU1357	EUR	0.99457563025210083	0.0,0.0,0.0,0.01,0.0,0.99,0.0	-0.0097,0.0182,0.0060,-0.0096,0.0087,0.0080,-0.0051,0.0010,0.0173,-0.0165
RU1365	EUR	0.96763283208020046	0.0,0.0,0.03,0.0,0.0,0.97,0.0	-0.0099,0.0193,0.0096,-0.0081,0.0247,-0.0144,0.0042,-0.0271,0.0165,-0.0225
RU1368	AFR	0.42949031273591892	0.43,0.03,0.01,0.42,0.03,0.08,0.0	0.0149,0.0054,0.0004,-0.0048,-0.0103,0.0125,0.0144,0.0134,0.0029,0.0046
RU1371	EUR	0.98476190476190484	0.0,0.02,0.0,0.0,0.0,0.98,0.0	-0.0105,0.0182,0.0039,-0.0105,0.0294,0.0041,0.0120,-0.0024,0.0056,0.0099
RU1372	EUR	0.98936075036075022	0.0,0.0,0.01,0.0,0.0,0.99,0.0	-0.0106,0.0168,0.0045,-0.0073,0.0298,-0.0111,-0.0347,0.0025,-0.0085,0.0282
RU1384	AFR	0.98100584795321633	0.98,0.0,0.0,0.02,0.0,0.0,0.0	0.0275,-0.0015,0.0023,0.0022,0.0061,-0.0032,-0.0070,0.0048,-0.0096,-0.0022
RU1390	DOMI	0.78938783855774686	0.03,0.0,0.18,0.79,0.0,0.0,0.0	0.0097,0.0059,0.0101,0.0035,0.0043,0.0078,0.0099,0.0074,0.0002,-0.0165
RU1395	EUR	0.98219447437094498	0.0,0.0,0.0,0.01,0.0,0.98,0.0	-0.0096,0.0166,0.0071,-0.0075,0.0135,-0.0045,-0.0106,-0.0109,-0.0086,0.0065
RU1398	EUR	0.95938378733135776	0.0,0.04,0.0,0.0,0.0,0.96,0.0	-0.0101,0.0171,0.0034,-0.0102,0.0199,0.0080,-0.0134,-0.0050,-0.0161,0.0018
RU1400	EUR	0.97508941471325372	0.0,0.0,0.02,0.0,0.0,0.98,0.0	-0.0108,0.0161,0.0101,-0.0075,0.0352,0.0023,0.0294,0.0118,-0.0060,-0.0042
RU1404	EUR	0.98107563025210087	0.0,0.0,0.0,0.02,0.0,0.98,0.0	-0.0101,0.0184,0.0092,-0.0078,0.0107,-0.0049,0.0050,-0.0444,0.0179,-0.0013
RU1408	EUR	0.99199999999999999	0.0,0.01,0.0,0.0,0.0,0.99,0.0	-0.0105,0.0159,0.0084,-0.0098,0.0255,-0.0011,0.0163,0.0040,-0.0114,-0.0083
RU1411	EUR	0.90871549839866406	0.0,0.02,0.03,0.04,0.0,0.91,0.0	-0.0086,0.0171,0.0063,-0.0076,0.0229,0.0098,0.0147,0.0185,-0.0119,0.0337
RU1415	AJ	0.93603318250377077	0.0,0.94,0.0,0.0,0.0,0.06,0.0	-0.0095,0.0177,0.0014,-0.0135,-0.0464,0.0053,0.0166,-0.0110,-0.0077,-0.0066
RU1423	SAS	0.87476661350345564	0.0,0.0,0.05,0.05,0.0,0.02,0.87	-0.0092,0.0064,-0.0187,0.0075,0.0018,-0.0185,-0.0154,-0.0400,0.0017,-0.0147
RU1425	EUR	0.96999999999999997	0.0,0.01,0.0,0.0,0.02,0.97,0.0	-0.0110,0.0162,0.0070,-0.0111,0.0118,-0.0036,0.0068,-0.0015,-0.0102,-0.0173
RU1430	EUR	0.96440476190476199	0.0,0.02,0.0,0.01,0.01,0.96,0.0	-0.0100,0.0181,0.0042,-0.0098,0.0081,0.0146,0.0055,0.0048,-0.0151,0.0220
RU1432	EUR	0.99714285714285722	0.0,0.0,0.0,0.0,0.0,1.0,0.0	-0.0107,0.0181,0.0072,-0.0049,0.0196,0.0071,0.0133,0.0221,0.0010,0.0223
RU1436	AFR	1.0	1.0,0.0,0.0,0.0,0.0,0.0,0.0	0.0259,-0.0025,-0.0007,-0.0032,0.0010,0.0101,0.0065,0.0101,0.0077,0.0128
RU1439	EUR	0.99227982590885799	0.0,0.01,0.0,0.0,0.0,0.99,0.0	-0.0102,0.0181,0.0045,-0.0106,0.0049,0.0033,-0.0109,0.0015,0.0048,0.0035
RU1451	EUR	0.98588235294117654	0.0,0.01,0.0,0.0,0.0,0.99,0.0	-0.0106,0.0180,0.0072,-0.0100,0.0294,-0.0053,-0.0101,-0.0191,0.0037,-0.0220
RU1457	EUR	0.99942857142857155	0.0,0.0,0.0,0.0,0.0,1.0,0.0	-0.0101,0.0181,0.0064,-0.0097,0.0154,0.0074,0.0015,-0.0151,0.0127,0.0027
RU1459	DOMI	0.41426664466138147	0.29,0.0,0.04,0.41,0.01,0.24,0.0	0.0051,0.0096,0.0031,-0.0017,0.0207,-0.0020,-0.0092,0.0049,0.0068,0.0007
RU1461	EUR	0.99428571428571433	0.0,0.0,0.0,0.01,0.0,0.99,0.0	-0.0103,0.0163,0.0062,-0.0056,0.0249,0.0001,0.0229,0.0035,-0.0107,0.0476
RU1462	AFR	0.7920133046425244	0.79,0.0,0.05,0.13,0.0,0.03,0.0	0.0178,0.0038,0.0007,-0.0024,-0.0009,0.0061,-0.0143,-0.0156,-0.0018,0.0245
RU1470	EUR	0.97665804216423424	0.0,0.01,0.01,0.0,0.0,0.98,0.0	-0.0107,0.0182,0.0100,-0.0102,0.0299,0.0041,0.0335,-0.0169,-0.0022,-0.0066
RU1472	EUR	0.99714285714285722	0.0,0.0,0.0,0.0,0.0,1.0,0.0	-0.0102,0.0173,0.0060,-0.0096,0.0165,-0.0003,-0.0132,0.0110,-0.0144,0.0220
RU1478	EUR	1.0	0.0,0.0,0.0,0.0,0.0,1.0,0.0	-0.0111,0.0181,0.0037,-0.0072,0.0135,0.0131,0.0112,0.0100,0.0026,-0.0220
RU1482	EUR	0.97999999999999998	0.0,0.02,0.0,0.0,0.0,0.98,0.0	-0.0111,0.0175,0.0055,-0.0096,0.0173,-0.0021,0.0133,0.0342,-0.0038,-0.0113
RU1487	EUR	0.99222222222222234	0.0,0.0,0.01,0.0,0.0,0.99,0.0	-0.0109,0.0184,0.0046,-0.0095,0.0154,0.0174,0.0116,0.0270,0.0001,-0.0038
RU1489	EUR	1.0	0.0,0.0,0.0,0.0,0.0,1.0,0.0	-0.0108,0.0171,0.0062,-0.0054,0.0217,-0.0052,-0.0235,0.0273,-0.0034,-0.0230
RU1491	EUR	0.99925925925925929	0.0,0.0,0.0,0.0,0.0,1.0,0.0	-0.0108,0.0166,0.0049,-0.0095,0.0227,-0.0036,-0.0226,-0.0079,-0.0037,0.0073
RU1492	EUR	0.99900000000000011	0.0,0.0,0.0,0.0,0.0,1.0,0.0	-0.0106,0.0170,0.0063,-0.0092,0.0124,0.0007,-0.0069,-0.0051,0.0037,-0.0053
RU1495	EUR	0.91159136953443054	0.02,0.02,0.03,0.03,0.0,0.91,0.0	-0.0096,0.0164,0.0061,-0.0058,0.0118,-0.0085,-0.0302,0.0211,0.0144,0.0245
RU1502	EUR	0.95949792897161312	0.0,0.0,0.0,0.01,0.02,0.96,0.0	-0.0111,0.0172,0.0068,-0.0137,0.0352,0.0078,0.0224,-0.0012,-0.0094,0.0173
RU1504	EUR	1.0	0.0,0.0,0.0,0.0,0.0,1.0,0.0	-0.0104,0.0187,0.0080,-0.0098,0.0188,0.0001,-0.0097,0.0317,0.0091,-0.0519
RU1505	EUR	0.99916666666666676	0.0,0.0,0.0,0.0,0.0,1.0,0.0	-0.0101,0.0170,0.0073,-0.0064,0.0235,0.0124,0.0035,0.0111,-0.0089,-0.0203
RU1506	EUR	0.97812500000000002	0.0,0.0,0.0,0.0,0.02,0.98,0.0	-0.0107,0.0180,0.0086,-0.0099,0.0115,0.0065,0.0371,0.0228,0.0036,-0.0517
RU1507	EUR	0.98517857142857135	0.0,0.01,0.0,0.0,0.0,0.99,0.0	-0.0096,0.0175,0.0039,-0.0083,-0.0020,0.0089,0.0072,0.0358,-0.0046,-0.0233
RU1508	EUR	0.98807433742727857	0.0,0.0,0.0,0.01,0.0,0.99,0.0	-0.0096,0.0177,0.0065,-0.0082,0.0116,-0.0058,0.0037,-0.0226,0.0213,-0.0329
RU1515	EUR	1.0	0.0,0.0,0.0,0.0,0.0,1.0,0.0	-0.0106,0.0172,0.0062,-0.0075,0.0251,0.0006,0.0193,-0.0029,-0.0029,0.0096
RU1528	EUR	0.99942857142857155	0.0,0.0,0.0,0.0,0.0,1.0,0.0	-0.0107,0.0177,0.0072,-0.0084,0.0309,-0.0048,-0.0008,0.0112,0.0179,-0.0075
RU1533	EUR	0.99942857142857155	0.0,0.0,0.0,0.0,0.0,1.0,0.0	-0.0104,0.0175,0.0057,-0.0083,0.0176,0.0127,0.0210,0.0164,0.0188,-0.0156
RU1536	EUR	0.95288690476190485	0.0,0.0,0.0,0.02,0.02,0.95,0.0	-0.0097,0.0173,0.0055,-0.0070,0.0205,0.0164,0.0371,0.0132,0.0071,0.0018
RU1538	EUR	1.0	0.0,0.0,0.0,0.0,0.0,1.0,0.0	-0.0102,0.0175,0.0089,-0.0082,0.0164,0.0127,0.0120,0.0148,-0.0060,-0.0231
RU1542	EUR	0.99904761904761896	0.0,0.0,0.0,0.0,0.0,1.0,0.0	-0.0111,0.0169,0.0082,-0.0063,0.0267,-0.0053,-0.0235,0.0103,0.0106,0.0027
RU1546	EUR	1.0	0.0,0.0,0.0,0.0,0.0,1.0,0.0	-0.0111,0.0168,0.0076,-0.0079,0.0246,-0.0131,0.0009,0.0159,-0.0049,-0.0114
RU1552	EUR	1.0	0.0,0.0,0.0,0.0,0.0,1.0,0.0	-0.0102,0.0177,0.0084,-0.0059,0.0169,0.0044,-0.0101,-0.0146,0.0050,0.0028
RU1554	EUR	0.98999999999999999	0.0,0.0,0.0,0.01,0.0,0.99,0.0	-0.0107,0.0185,0.0081,-0.0076,0.0162,0.0093,0.0094,0.0109,-0.0043,-0.0116
RU1559	EUR	0.96896638655462164	0.0,0.01,0.0,0.0,0.02,0.97,0.0	-0.0114,0.0174,0.0085,-0.0071,0.0203,-0.0135,-0.0229,0.0081,-0.0056,0.0325
RU1567	EUR	0.94318181818181812	0.02,0.0,0.02,0.02,0.0,0.94,0.0	-0.0101,0.0190,0.0048,-0.0042,0.0257,-0.0036,-0.0003,-0.0020,0.0086,-0.0396
RU1569	EUR	1.0	0.0,0.0,0.0,0.0,0.0,1.0,0.0	-0.0107,0.0179,0.0060,-0.0094,0.0214,0.0065,0.0067,0.0108,0.0012,-0.0523
RU1572	EUR	0.97999999999999998	0.0,0.02,0.0,0.0,0.0,0.98,0.0	-0.0104,0.0150,0.0054,-0.0081,0.0250,0.0029,-0.0172,-0.0032,-0.0067,0.0141
RU1575	EUR	0.98916666666666675	0.0,0.01,0.0,0.0,0.0,0.99,0.0	-0.0099,0.0165,0.0069,-0.0104,0.0247,0.0085,0.0301,-0.0148,-0.0115,-0.0119
RU1578	EUR	0.96560528772912679	0.01,0.0,0.02,0.01,0.0,0.97,0.0	-0.0105,0.0168,0.0109,-0.0098,0.0236,0.0056,-0.0096,-0.0064,0.0090,0.0048
RU1589	EUR	0.96508513708513699	0.0,0.02,0.01,0.0,0.0,0.97,0.0	-0.0105,0.0191,0.0062,-0.0122,0.0203,0.0083,-0.0001,0.0446,0.0378,-0.0602
RU1591	EUR	0.98424761904761904	0.0,0.01,0.0,0.0,0.0,0.98,0.0	-0.0104,0.0166,0.0070,-0.0079,0.0179,-0.0159,-0.0163,-0.0247,-0.0063,-0.0058
RU1602	EUR	0.96250000000000013	0.0,0.0,0.02,0.02,0.0,0.96,0.0	-0.0104,0.0147,0.0059,-0.0080,0.0200,-0.0025,-0.0014,0.0300,-0.0021,-0.0227
RU1603	EUR	0.97957752276537857	0.0,0.02,0.0,0.0,0.0,0.98,0.0	-0.0106,0.0157,0.0045,-0.0115,0.0297,-0.0050,-0.0115,-0.0302,-0.0011,-0.0001
RU1607	AFR	1.0	1.0,0.0,0.0,0.0,0.0,0.0,0.0	0.0298,0.0009,0.0016,-0.0019,0.0050,-0.0120,0.0038,-0.0020,-0.0117,-0.0081
RU1609	EUR	0.94752176139272914	0.01,0.04,0.0,0.01,0.0,0.95,0.0	-0.0094,0.0168,0.0023,-0.0083,-0.0098,0.0003,0.0036,0.0084,0.0133,-0.0228
RU1610	AFR	0.995	0.99,0.0,0.0,0.01,0.0,0.0,0.0	0.0268,-0.0006,0.0010,-0.0021,0.0037,0.0130,-0.0024,0.0035,0.0035,-0.0020
RU1619	EUR	0.98964387464387471	0.0,0.01,0.0,0.0,0.0,0.99,0.0	-0.0099,0.0183,0.0032,-0.0075,0.0153,0.0042,-0.0136,-0.0044,-0.0053,0.0372
RU1624	EUR	0.97526785714285724	0.0,0.0,0.0,0.0,0.02,0.98,0.0	-0.0105,0.0159,0.0046,-0.0089,0.0247,0.0007,0.0409,-0.0112,-0.0125,0.0226
RU1625	EUR	0.95382972136222921	0.0,0.05,0.0,0.0,0.0,0.95,0.0	-0.0103,0.0185,0.0073,-0.0125,0.0133,-0.0140,0.0016,-0.0363,0.0063,-0.0147
RU1628	AFR	1.0	1.0,0.0,0.0,0.0,0.0,0.0,0.0	0.0282,-0.0018,0.0002,0.0008,0.0046,-0.0016,0.0014,-0.0134,0.0113,-0.0079
RU1631	EUR	0.82949419414434888	0.0,0.12,0.0,0.02,0.03,0.83,0.0	-0.0102,0.0175,0.0068,-0.0147,0.0102,0.0092,0.0172,-0.0059,0.0156,-0.0132
RU1632	EUR	0.97523310023310017	0.0,0.0,0.0,0.02,0.0,0.98,0.0	-0.0108,0.0181,0.0083,-0.0131,0.0313,-0.0136,-0.0271,-0.0011,0.0079,-0.0024
RU1636	AJ	0.90957575757575748	0.0,0.91,0.0,0.0,0.0,0.09,0.0	-0.0093,0.0164,0.0048,-0.0099,-0.0419,0.0075,0.0216,0.0102,-0.0076,0.0098
RU1640	EUR	0.9704582289055973	0.01,0.0,0.01,0.01,0.0,0.97,0.0	-0.0104,0.0178,0.0110,-0.0066,0.0155,-0.0063,-0.0048,0.0358,0.0061,-0.0124
RU1643	EUR	0.85756531967058292	0.0,0.1,0.0,0.01,0.03,0.86,0.0	-0.0104,0.0168,0.0081,-0.0148,0.0236,0.0039,0.0155,0.0088,-0.0077,0.0012
RU1645	EUR	0.9907756892230577	0.0,0.0,0.01,0.0,0.0,0.99,0.0	-0.0109,0.0180,0.0096,-0.0097,0.0307,0.0010,-0.0068,0.0237,0.0110,0.0079
RU1651	AFR	0.92433549783549762	0.92,0.0,0.0,0.08,0.0,0.0,0.0	0.0258,0.0005,0.0032,-0.0038,-0.0041,-0.0038,0.0117,0.0041,0.0098,-0.0054
RU1653	DOMI	0.89858236173347039	0.02,0.0,0.05,0.9,0.0,0.03,0.0	0.0050,0.0070,0.0042,0.0013,0.0053,-0.0082,-0.0098,-0.0216,-0.0007,0.0050
RU1658	DOMI	0.94125442174178942	0.0,0.0,0.05,0.94,0.0,0.0,0.0	0.0002,0.0088,0.0068,-0.0002,0.0020,0.0059,0.0191,0.0007,0.0005,0.0015
RU1662	EUR	1.0	0.0,0.0,0.0,0.0,0.0,1.0,0.0	-0.0102,0.0172,0.0055,-0.0072,0.0254,0.0155,0.0069,-0.0039,-0.0004,0.0315
RU1667	AFR	1.0	1.0,0.0,0.0,0.0,0.0,0.0,0.0	0.0292,-0.0005,0.0018,-0.0015,0.0035,-0.0044,-0.0005,-0.0065,-0.0006,-0.0078
RU1668	EUR	0.96659916211003183	0.01,0.02,0.0,0.0,0.0,0.97,0.0	-0.0102,0.0168,0.0021,-0.0083,-0.0029,0.0062,0.0118,0.0100,-0.0000,-0.0030
RU1670	DOMI	0.87984437184189501	0.01,0.0,0.09,0.88,0.01,0.01,0.0	0.0038,0.0096,0.0052,-0.0038,-0.0144,0.0083,-0.0128,0.0101,0.0083,0.0109
RU1672	EUR	0.99516666666666664	0.0,0.0,0.0,0.0,0.0,1.0,0.0	-0.0099,0.0170,0.0073,-0.0086,0.0240,-0.0103,-0.0220,-0.0033,-0.0040,-0.0053
RU1675	EUR	0.93517583341012878	0.0,0.02,0.0,0.01,0.03,0.94,0.0	-0.0107,0.0196,0.0047,-0.0139,0.0231,0.0043,0.0005,0.0180,0.0027,0.0162
RU1676	EUR	0.96400000000000008	0.0,0.0,0.0,0.04,0.0,0.96,0.0	-0.0103,0.0165,0.0049,-0.0080,0.0105,0.0147,0.0026,0.0121,-0.0085,0.0073
RU1679	AMR	0.76330761305083872	0.01,0.0,0.76,0.21,0.01,0.01,0.0	-0.0040,0.0113,0.0089,0.0035,-0.0049,-0.0144,-0.0129,0.0233,0.0030,-0.0198
RU1681	AMR	0.49860341642854195	0.01,0.0,0.5,0.48,0.0,0.0,0.01	-0.0003,0.0065,0.0105,0.0083,-0.0065,-0.0115,-0.0336,0.0158,-0.0113,-0.0138
RU1684	AFR	0.97737553130475097	0.98,0.0,0.0,0.02,0.0,0.0,0.0	0.0237,0.0007,0.0012,-0.0015,0.0029,0.0081,0.0172,0.0096,-0.0080,0.0135
RU1696	EUR	1.0	0.0,0.0,0.0,0.0,0.0,1.0,0.0	-0.0106,0.0174,0.0072,-0.0050,0.0251,0.0130,0.0069,-0.0190,-0.0038,0.0157
RU1697	EUR	1.0	0.0,0.0,0.0,0.0,0.0,1.0,0.0	-0.0110,0.0158,0.0076,-0.0075,0.0243,-0.0034,0.0029,-0.0194,-0.0005,-0.0095
RU1711	EUR	0.84609145299145316	0.0,0.0,0.13,0.02,0.01,0.85,0.0	-0.0102,0.0189,0.0094,-0.0039,0.0244,0.0021,0.0395,-0.0067,-0.0131,-0.0221
RU1715	EUR	1.0	0.0,0.0,0.0,0.0,0.0,1.0,0.0	-0.0105,0.0192,0.0076,-0.0090,0.0083,0.0026,0.0005,0.0181,-0.0005,-0.0218
RU1728	EUR	1.0	0.0,0.0,0.0,0.0,0.0,1.0,0.0	-0.0104,0.0179,0.0051,-0.0066,0.0248,-0.0117,-0.0240,0.0238,-0.0005,-0.0117
RU1733	EUR	0.93393880517412609	0.01,0.01,0.03,0.02,0.0,0.93,0.0	-0.0088,0.0174,0.0074,-0.0090,-0.0047,-0.0128,-0.0232,0.0308,0.0026,0.0195
RU1735	AJ	0.97357575757575754	0.0,0.97,0.0,0.02,0.0,0.01,0.0	-0.0082,0.0152,-0.0023,-0.0109,-0.0338,0.0106,0.0190,0.0120,-0.0025,0.0142
RU1736	DOMI	0.9007319358201713	0.01,0.0,0.08,0.9,0.01,0.0,0.0	0.0040,0.0083,0.0064,-0.0022,-0.0074,0.0018,-0.0121,0.0217,-0.0123,0.0184
RU1741	AFR	0.69589319946390493	0.7,0.0,0.02,0.28,0.0,0.0,0.0	0.0197,0.0048,0.0022,-0.0018,-0.0077,0.0029,0.0185,-0.0011,0.0045,0.0030
RU1752	DOMI	0.83991235032024492	0.0,0.0,0.15,0.84,0.0,0.0,0.0	0.0074,0.0055,0.0085,-0.0008,-0.0014,-0.0038,0.0036,-0.0087,-0.0193,0.0008
RU1754	DOMI	0.84705069368769026	0.01,0.01,0.11,0.85,0.0,0.02,0.0	0.0082,0.0070,0.0083,-0.0022,-0.0034,-0.0086,-0.0132,0.0143,0.0065,-0.0217
RU1756	DOMI	0.89023795975863362	0.02,0.0,0.07,0.89,0.0,0.02,0.0	0.0047,0.0074,0.0072,0.0009,0.0072,0.0021,0.0161,-0.0207,0.0004,-0.0040
RU1770	AMR	0.78619985052338637	0.09,0.0,0.79,0.11,0.0,0.0,0.01	0.0016,-0.0007,0.0167,0.0308,0.0003,-0.0126,-0.0315,0.0224,0.0172,-0.0184
RU1773	DOMI	0.87693974225907345	0.02,0.0,0.1,0.88,0.0,0.0,0.0	0.0079,0.0073,0.0067,0.0037,0.0046,0.0113,0.0170,-0.0038,-0.0086,0.0045
RU1782	EUR	0.81260927365759794	0.01,0.07,0.08,0.03,0.0,0.81,0.0	-0.0093,0.0159,0.0085,-0.0094,0.0246,-0.0223,-0.0381,-0.0032,0.0052,-0.0288
RU1807	EUR	1.0	0.0,0.0,0.0,0.0,0.0,1.0,0.0	-0.0101,0.0184,0.0087,-0.0077,0.0203,0.0087,-0.0122,0.0094,-0.0195,0.0136
RU1812	DOMI	0.94649867880482164	0.0,0.0,0.05,0.95,0.0,0.0,0.0	0.0088,0.0059,0.0078,-0.0001,-0.0048,-0.0036,-0.0137,0.0149,-0.0019,-0.0260
RU1815	AFR	0.94586085581085588	0.95,0.0,0.0,0.05,0.0,0.0,0.0	0.0249,0.0017,0.0020,-0.0004,0.0045,-0.0029,0.0230,0.0163,0.0096,0.0151
RU1817	EUR	0.95183528726175792	0.0,0.02,0.01,0.02,0.0,0.95,0.0	-0.0092,0.0188,0.0068,-0.0073,0.0173,0.0043,-0.0077,-0.0022,-0.0061,0.0101
RU1818	EUR	1.0	0.0,0.0,0.0,0.0,0.0,1.0,0.0	-0.0106,0.0176,0.0064,-0.0102,0.0230,0.0016,-0.0165,0.0371,-0.0096,0.0042
RU1833	EUR	0.76944902319902309	0.04,0.05,0.05,0.08,0.01,0.77,0.0	-0.0091,0.0169,0.0039,-0.0057,-0.0089,0.0039,0.0070,0.0021,-0.0182,0.0255
RU1849	AMR	0.92402818477818471	0.01,0.0,0.92,0.06,0.0,0.0,0.0	-0.0031,0.0006,0.0176,0.0216,-0.0062,-0.0056,0.0001,-0.0036,0.0094,-0.0065
RU1851	DOMI	0.79068471346938352	0.06,0.0,0.13,0.79,0.01,0.01,0.0	0.0090,0.0043,0.0057,0.0049,-0.0048,-0.0105,-0.0158,0.0260,0.0079,0.0176
RU1855	AFR	0.99556149732620314	1.0,0.0,0.0,0.0,0.0,0.0,0.0	0.0329,-0.0036,0.0006,0.0009,-0.0050,-0.0045,0.0109,0.0075,0.0197,-0.0037
RU1857	DOMI	0.49832455412981252	0.28,0.0,0.21,0.5,0.01,0.01,0.0	0.0158,0.0037,0.0053,0.0041,-0.0021,-0.0163,-0.0347,0.0388,0.0080,-0.0565
RU1862	EUR	0.97220426065162913	0.0,0.0,0.02,0.0,0.0,0.97,0.0	-0.0109,0.0178,0.0102,-0.0098,0.0204,0.0086,0.0073,0.0250,-0.0025,-0.0334
RU1868	AFR	0.99789473684210517	1.0,0.0,0.0,0.0,0.0,0.0,0.0	0.0286,-0.0017,0.0028,-0.0008,0.0050,-0.0074,-0.0175,0.0216,0.0144,0.0063
RU1874	AFR	0.99025974025974017	0.99,0.0,0.0,0.01,0.0,0.0,0.0	0.0254,-0.0003,0.0021,-0.0031,-0.0009,-0.0003,-0.0086,-0.0023,0.0169,-0.0179
RU1875	EUR	0.995	0.0,0.0,0.0,0.0,0.01,0.99,0.0	-0.0105,0.0166,0.0089,-0.0070,0.0177,0.0117,0.0343,-0.0025,-0.0094,-0.0327
RU1877	DOMI	0.4517185992666542	0.1,0.0,0.45,0.45,0.0,0.0,0.0	0.0079,0.0060,0.0128,0.0061,-0.0107,-0.0024,-0.0283,0.0112,-0.0189,-0.0084
RU1883	AMR	0.91670975526021958	0.0,0.0,0.92,0.03,0.01,0.01,0.02	-0.0119,-0.0118,0.0352,0.0670,-0.0047,0.0237,0.0261,-0.0119,-0.0015,0.0177
RU1885	EUR	1.0	0.0,0.0,0.0,0.0,0.0,1.0,0.0	-0.0112,0.0171,0.0074,-0.0057,0.0198,0.0036,-0.0042,-0.0249,0.0029,0.0241
RU1890	EUR	1.0	0.0,0.0,0.0,0.0,0.0,1.0,0.0	-0.0106,0.0153,0.0055,-0.0083,0.0254,-0.0154,-0.0032,-0.0078,0.0092,-0.0168
RU1893	EUR	0.89207654883815879	0.01,0.07,0.01,0.02,0.0,0.89,0.0	-0.0093,0.0173,0.0066,-0.0093,0.0237,-0.0083,0.0006,-0.0276,0.0110,-0.0014
RU1894	EUR	0.98625171778112952	0.0,0.01,0.0,0.0,0.0,0.99,0.0	-0.0104,0.0182,0.0025,-0.0066,0.0227,-0.0009,0.0164,-0.0002,-0.0212,-0.0033
RU1896	EUR	1.0	0.0,0.0,0.0,0.0,0.0,1.0,0.0	-0.0108,0.0161,0.0082,-0.0066,0.0292,0.0119,0.0146,0.0004,-0.0108,-0.0107
RU1899	EUR	0.95396620583717351	0.0,0.03,0.01,0.01,0.0,0.95,0.0	-0.0098,0.0169,0.0035,-0.0073,0.0150,0.0031,-0.0094,0.0253,0.0030,-0.0004
RU1902	EUR	0.91781429681429683	0.0,0.0,0.06,0.02,0.0,0.92,0.0	-0.0103,0.0160,0.0071,-0.0042,0.0178,0.0099,0.0213,0.0343,0.0074,-0.0357
RU1904	EUR	0.98302741702741703	0.0,0.01,0.0,0.01,0.0,0.98,0.0	-0.0103,0.0159,0.0076,-0.0103,0.0174,-0.0095,-0.0369,-0.0133,-0.0009,-0.0089
RU1905	EUR	0.99888888888888883	0.0,0.0,0.0,0.0,0.0,1.0,0.0	-0.0111,0.0175,0.0052,-0.0098,0.0243,-0.0133,0.0008,0.0166,-0.0036,-0.0122
RU1910	EUR	0.99022995522995516	0.0,0.01,0.0,0.0,0.0,0.99,0.0	-0.0110,0.0181,0.0062,-0.0106,0.0227,0.0022,-0.0223,-0.0136,-0.0082,0.0334
RU1916	EUR	0.98045454545454547	0.0,0.0,0.02,0.0,0.0,0.98,0.0	-0.0098,0.0178,0.0091,-0.0047,0.0258,-0.0007,0.0205,0.0062,0.0094,0.0035
RU1918	EUR	0.98999999999999999	0.0,0.01,0.0,0.0,0.0,0.99,0.0	-0.0105,0.0189,0.0084,-0.0119,0.0214,-0.0078,0.0022,0.0069,-0.0009,-0.0148
RU1923	EUR	0.99250000000000005	0.0,0.0,0.01,0.0,0.0,0.99,0.0	-0.0100,0.0164,0.0080,-0.0069,0.0187,-0.0008,-0.0021,-0.0170,0.0020,-0.0340
RU1931	DOMI	0.52462635523517864	0.39,0.0,0.06,0.52,0.01,0.02,0.0	0.0150,0.0023,0.0037,0.0022,0.0072,-0.0017,0.0003,0.0193,0.0147,-0.0146
RU1938	DOMI	0.96619225250154028	0.02,0.0,0.02,0.97,0.0,0.0,0.0	0.0041,0.0081,0.0060,-0.0030,0.0033,0.0145,0.0169,0.0070,-0.0140,0.0245
RU1941	AMR	0.61339671009556596	0.03,0.0,0.61,0.35,0.0,0.0,0.0	0.0001,0.0078,0.0123,0.0048,-0.0099,0.0038,-0.0048,-0.0179,0.0005,0.0094
RU1946	AFR	1.0	1.0,0.0,0.0,0.0,0.0,0.0,0.0	0.0299,-0.0026,0.0001,-0.0001,-0.0008,-0.0080,-0.0135,0.0137,0.0055,0.0109
RU1951	EUR	0.99830687830687825	0.0,0.0,0.0,0.0,0.0,1.0,0.0	-0.0102,0.0159,0.0077,-0.0092,0.0197,-0.0066,-0.0210,0.0053,0.0103,0.0193
RU1957	EUR	0.98873626373626367	0.0,0.01,0.0,0.0,0.0,0.99,0.0	-0.0097,0.0181,0.0045,-0.0111,0.0124,0.0105,0.0060,0.0214,-0.0082,0.0076
RU1962	EUR	0.94546325624266803	0.01,0.03,0.0,0.02,0.0,0.95,0.0	-0.0101,0.0173,0.0021,-0.0053,0.0143,0.0053,-0.0095,0.0100,-0.0036,0.0145
RU1965	EUR	0.99888888888888883	0.0,0.0,0.0,0.0,0.0,1.0,0.0	-0.0108,0.0187,0.0053,-0.0092,0.0330,0.0065,-0.0050,-0.0141,-0.0087,-0.0217
RU1975	EUR	0.99888888888888883	0.0,0.0,0.0,0.0,0.0,1.0,0.0	-0.0106,0.0170,0.0054,-0.0105,0.0131,0.0097,0.0099,0.0155,-0.0039,-0.0356
RU1989	AFR	0.97428571428571431	0.97,0.0,0.0,0.03,0.0,0.0,0.0	0.0252,-0.0001,0.0019,-0.0002,0.0102,-0.0131,-0.0152,-0.0031,-0.0041,0.0180
RU2006	DOMI	0.94909935787180377	0.0,0.0,0.05,0.95,0.0,0.0,0.0	0.0036,0.0085,0.0063,-0.0015,0.0010,-0.0019,0.0017,0.0179,-0.0078,-0.0048
RU2010	EUR	0.98436075036075021	0.0,0.0,0.01,0.01,0.0,0.98,0.0	-0.0102,0.0168,0.0061,-0.0076,0.0285,-0.0063,-0.0294,0.0162,-0.0056,0.0051
RU2019	EUR	1.0	0.0,0.0,0.0,0.0,0.0,1.0,0.0	-0.0102,0.0182,0.0049,-0.0061,0.0222,-0.0123,0.0029,-0.0460,-0.0006,0.0107
RU2033	EUR	0.99942857142857155	0.0,0.0,0.0,0.0,0.0,1.0,0.0	-0.0109,0.0176,0.0073,-0.0087,0.0150,-0.0107,-0.0227,0.0164,0.0134,-0.0143
RU2036	EUR	0.99794736842105269	0.0,0.0,0.0,0.0,0.0,1.0,0.0	-0.0105,0.0179,0.0083,-0.0117,0.0099,0.0002,0.0146,-0.0024,-0.0068,-0.0064
RU2043	EUR	0.97874278887182098	0.0,0.02,0.0,0.0,0.0,0.98,0.0	-0.0100,0.0165,0.0041,-0.0112,0.0307,-0.0083,-0.0057,0.0051,0.0036,0.0121
RU2046	DOMI	0.60049937391580721	0.01,0.0,0.38,0.6,0.01,0.0,0.0	-0.0009,0.0088,0.0094,0.0046,-0.0136,-0.0013,-0.0037,0.0285,-0.0148,-0.0078
RU2069	AFR	0.99789473684210517	1.0,0.0,0.0,0.0,0.0,0.0,0.0	0.0328,-0.0036,0.0022,-0.0012,-0.0009,-0.0008,0.0065,-0.0090,0.0263,0.0090
RU2075	EUR	0.98999999999999999	0.0,0.01,0.0,0.0,0.0,0.99,0.0	-0.0100,0.0164,0.0048,-0.0093,0.0217,0.0023,0.0011,0.0007,-0.0091,0.0152
RU2085	EUR	0.92934644303065372	0.0,0.07,0.0,0.0,0.0,0.93,0.0	-0.0093,0.0188,0.0032,-0.0111,-0.0018,-0.0034,0.0166,0.0181,-0.0019,-0.0090
RU2102	AFR	0.98003751803751793	0.98,0.0,0.0,0.02,0.0,0.0,0.0	0.0280,-0.0022,0.0021,0.0013,0.0023,-0.0072,-0.0021,-0.0093,-0.0029,0.0166
RU2109	DOMI	0.89625442716897841	0.04,0.0,0.03,0.9,0.01,0.02,0.0	0.0024,0.0089,0.0037,-0.0025,0.0080,0.0100,0.0157,0.0110,-0.0174,0.0233
RU2117	EUR	0.94400000000000006	0.0,0.02,0.02,0.02,0.0,0.94,0.0	-0.0109,0.0158,0.0056,-0.0063,0.0109,-0.0052,-0.0071,0.0141,-0.0081,0.0095
RU2118	EUR	1.0	0.0,0.0,0.0,0.0,0.0,1.0,0.0	-0.0111,0.0167,0.0079,-0.0069,0.0253,-0.0014,0.0141,-0.0125,0.0043,-0.0097
RU2119	EUR	0.99942857142857155	0.0,0.0,0.0,0.0,0.0,1.0,0.0	-0.0109,0.0170,0.0057,-0.0074,0.0176,0.0152,0.0060,0.0299,0.0160,-0.0030
RU2126	EUR	0.98999999999999999	0.0,0.01,0.0,0.0,0.0,0.99,0.0	-0.0099,0.0168,0.0086,-0.0085,0.0273,-0.0016,-0.0083,0.0189,0.0105,0.0297
RU2129	EUR	0.91795399698340885	0.01,0.06,0.0,0.0,0.0,0.92,0.0	-0.0094,0.0175,0.0010,-0.0084,-0.0011,0.0027,0.0125,0.0250,-0.0040,-0.0185
RU2140	DOMI	0.59104080082003607	0.04,0.0,0.36,0.59,0.0,0.01,0.0	0.0113,0.0023,0.0084,0.0095,-0.0078,-0.0007,-0.0028,-0.0134,0.0083,-0.0023
RU2144	AFR	0.98835303030303023	0.99,0.0,0.0,0.01,0.0,0.0,0.0	0.0242,0.0013,-0.0010,0.0002,0.0030,-0.0009,-0.0003,-0.0066,0.0071,0.0279
RU2148	AFR	0.91919454007375978	0.92,0.0,0.01,0.07,0.0,0.0,0.0	0.0221,0.0022,0.0013,-0.0043,0.0058,0.0180,0.0026,0.0041,0.0061,0.0315
RU2149	DOMI	0.51899331066063803	0.27,0.0,0.2,0.52,0.01,0.01,0.0	0.0158,0.0037,0.0053,0.0037,-0.0020,-0.0159,-0.0348,0.0383,0.0084,-0.0558
RU2172	AFR	0.98192445887445889	0.98,0.0,0.0,0.01,0.0,0.0,0.0	0.0243,0.0013,0.0005,-0.0001,0.0000,-0.0097,0.0089,-0.0129,0.0176,-0.0033
RU2176	EUR	0.99199999999999999	0.0,0.01,0.0,0.0,0.0,0.99,0.0	-0.0103,0.0188,0.0052,-0.0068,0.0212,-0.0042,-0.0049,-0.0351,-0.0093,-0.0090
RU2188	AJ	1.0	0.0,1.0,0.0,0.0,0.0,0.0,0.0	-0.0095,0.0160,0.0031,-0.0142,-0.0441,0.0015,0.0020,-0.0381,-0.0026,0.0153
RU2196	EUR	0.95818181818181813	0.02,0.0,0.02,0.0,0.0,0.96,0.0	-0.0102,0.0157,0.0047,-0.0043,0.0182,-0.0091,0.0067,-0.0150,0.0109,-0.0119
RU2213	EUR	0.98344849050731409	0.0,0.01,0.0,0.0,0.0,0.98,0.0	-0.0108,0.0167,0.0069,-0.0114,0.0243,0.0030,-0.0104,-0.0322,0.0006,-0.0202
RU2217	EUR	0.97864021164021153	0.0,0.02,0.0,0.0,0.0,0.98,0.0	-0.0103,0.0164,0.0029,-0.0066,0.0284,0.0088,0.0091,0.0146,-0.0117,0.0234
RU2225	EUR	1.0	0.0,0.0,0.0,0.0,0.0,1.0,0.0	-0.0103,0.0179,0.0057,-0.0089,0.0207,-0.0028,-0.0086,0.0007,0.0020,-0.0135
RU2232	EUR	0.98566666666666658	0.0,0.01,0.0,0.0,0.0,0.99,0.0	-0.0106,0.0180,0.0070,-0.0089,0.0047,0.0121,-0.0076,-0.0094,-0.0041,-0.0156
RU2242	EUR	0.9975925925925927	0.0,0.0,0.0,0.0,0.0,1.0,0.0	-0.0107,0.0164,0.0035,-0.0075,0.0164,-0.0119,-0.0066,-0.0080,-0.0105,0.0125
RU2246	EUR	1.0	0.0,0.0,0.0,0.0,0.0,1.0,0.0	-0.0104,0.0175,0.0068,-0.0052,0.0180,0.0036,-0.0023,-0.0269,0.0104,-0.0140
RU2260	DOMI	0.79936566818499921	0.08,0.0,0.11,0.8,0.0,0.0,0.0	0.0055,0.0076,0.0066,0.0033,0.0059,0.0081,0.0110,-0.0000,-0.0266,0.0071
RU2265	AFR	0.58190948776948426	0.58,0.0,0.1,0.31,0.0,0.0,0.01	0.0230,0.0002,0.0020,0.0059,-0.0073,-0.0079,-0.0159,-0.0028,0.0103,0.0027
RU2266	AFR	1.0	1.0,0.0,0.0,0.0,0.0,0.0,0.0	0.0284,-0.0013,-0.0014,-0.0014,0.0008,0.0006,-0.0135,-0.0043,0.0109,-0.0129
RU2267	AMR	0.68039869356002103	0.0,0.0,0.68,0.26,0.0,0.06,0.0	-0.0031,0.0126,0.0106,0.0020,-0.0024,0.0112,-0.0025,0.0105,0.0187,-0.0230
RU2269	AMR	0.62073738322547134	0.0,0.0,0.62,0.26,0.0,0.12,0.0	-0.0036,0.0121,0.0091,0.0002,0.0067,0.0075,-0.0060,-0.0196,-0.0011,0.0054
RU2271	DOMI	0.91388954449502136	0.03,0.0,0.03,0.91,0.01,0.01,0.0	0.0110,0.0064,0.0039,0.0018,-0.0045,0.0010,-0.0083,0.0062,0.0270,-0.0124
RU2273	DOMI	0.92981923205220429	0.01,0.0,0.05,0.93,0.0,0.01,0.0	0.0114,0.0061,0.0064,-0.0010,0.0094,0.0024,0.0051,-0.0042,0.0014,0.0040
RU2276	EUR	0.95095454486608488	0.01,0.04,0.0,0.0,0.0,0.95,0.0	-0.0106,0.0165,0.0055,-0.0116,-0.0091,-0.0013,0.0061,-0.0355,0.0088,-0.0064
RU2278	AJ	0.72080341880341892	0.0,0.72,0.02,0.02,0.0,0.24,0.0	-0.0082,0.0150,0.0037,-0.0123,-0.0238,-0.0181,-0.0145,-0.0113,0.0031,0.0036
RU2282	AFR	0.99199999999999999	0.99,0.0,0.0,0.01,0.0,0.0,0.0	0.0251,-0.0005,0.0017,-0.0006,-0.0005,0.0138,-0.0116,0.0063,-0.0072,0.0088
RU2283	AMR	0.71195235178814398	0.07,0.0,0.71,0.21,0.0,0.0,0.01	-0.0098,0.0008,0.0242,0.0330,-0.0126,0.0037,0.0183,-0.0067,-0.0067,0.0370
RU2284	DOMI	0.91359945098155548	0.0,0.0,0.07,0.91,0.0,0.01,0.0	0.0001,0.0096,0.0055,0.0015,0.0079,0.0128,0.0218,-0.0009,-0.0111,0.0064
RU2285	AMR	0.92497414622414642	0.0,0.0,0.92,0.06,0.0,0.0,0.01	-0.0075,0.0044,0.0188,0.0246,-0.0028,0.0036,0.0129,-0.0185,0.0222,-0.0283
RU2286	DOMI	0.95207056608780749	0.0,0.0,0.04,0.95,0.0,0.0,0.0	0.0062,0.0070,0.0056,0.0011,-0.0021,-0.0015,0.0242,0.0032,-0.0020,0.0018
RU2290	DOMI	0.82344281648034201	0.03,0.0,0.13,0.82,0.01,0.01,0.0	0.0084,0.0060,0.0037,0.0050,0.0001,0.0119,0.0133,-0.0024,0.0022,0.0167
RU2291	DOMI	0.88119278346737784	0.02,0.0,0.1,0.88,0.0,0.0,0.0	0.0105,0.0058,0.0051,0.0029,-0.0028,-0.0026,-0.0031,-0.0051,0.0002,0.0227
RU2292	AJ	0.85572196620583729	0.02,0.86,0.04,0.07,0.0,0.01,0.0	-0.0035,0.0117,0.0036,-0.0046,-0.0314,0.0126,-0.0088,-0.0074,0.0054,0.0273
RU2293	EUR	0.8884899159663866	0.01,0.01,0.03,0.07,0.0,0.89,0.0	-0.0104,0.0168,0.0048,-0.0056,0.0035,-0.0168,-0.0115,-0.0031,0.0197,-0.0303
RU2294	AFR	0.71019863977522779	0.71,0.0,0.03,0.26,0.0,0.0,0.0	0.0158,0.0021,0.0028,-0.0014,0.0018,0.0100,0.0079,-0.0042,-0.0109,0.0237
RU2295	AFR	1.0	1.0,0.0,0.0,0.0,0.0,0.0,0.0	0.0287,-0.0001,-0.0001,-0.0029,-0.0018,-0.0048,-0.0012,-0.0195,0.0025,-0.0040
RU2296	AFR	0.99175757575757584	0.99,0.0,0.0,0.01,0.0,0.0,0.0	0.0294,-0.0018,0.0015,-0.0005,-0.0047,-0.0035,-0.0178,0.0182,-0.0022,0.0046
RU2297	DOMI	0.82744542428730972	0.0,0.0,0.15,0.83,0.01,0.01,0.0	0.0006,0.0107,0.0091,-0.0034,-0.0034,0.0129,-0.0052,0.0329,-0.0068,0.0012
RU2300	AFR	1.0	1.0,0.0,0.0,0.0,0.0,0.0,0.0	0.0270,-0.0012,-0.0011,-0.0038,-0.0009,-0.0057,-0.0006,-0.0115,-0.0063,-0.0009
RU2301	AMR	0.9058077554998607	0.0,0.0,0.91,0.08,0.0,0.0,0.01	-0.0019,-0.0001,0.0189,0.0336,-0.0018,0.0099,0.0336,-0.0012,-0.0123,-0.0022
RU2345	AFR	0.45158158209457966	0.45,0.01,0.06,0.36,0.0,0.13,0.0	0.0127,0.0066,0.0045,-0.0051,0.0179,-0.0078,-0.0250,0.0078,0.0078,0.0168
RU2348	AMR	0.98774432367149767	0.0,0.0,0.99,0.01,0.0,0.0,0.0	-0.0089,0.0112,0.0146,0.0100,0.0050,0.0077,0.0251,0.0130,-0.0084,-0.0194
RU2458	DOMI	0.70417775459834264	0.21,0.0,0.06,0.7,0.01,0.01,0.0	0.0151,0.0031,0.0054,0.0019,-0.0055,-0.0056,-0.0150,0.0265,0.0111,0.0116
RU2466	AFR	1.0	1.0,0.0,0.0,0.0,0.0,0.0,0.0	0.0284,-0.0009,0.0001,-0.0024,0.0066,0.0011,0.0127,0.0133,-0.0082,0.0257
RU2467	AFR	0.92042253430175391	0.92,0.0,0.0,0.07,0.0,0.0,0.0	0.0234,0.0023,0.0025,0.0000,0.0074,0.0044,-0.0158,0.0028,0.0025,0.0257
RU2470	DOMI	0.82794804787550769	0.01,0.0,0.16,0.83,0.0,0.0,0.0	0.0083,0.0051,0.0086,-0.0005,-0.0035,0.0093,-0.0068,0.0017,-0.0116,0.0190
RU2475	DOMI	0.95980228601807549	0.02,0.0,0.02,0.96,0.0,0.0,0.0	0.0049,0.0091,0.0059,-0.0008,0.0060,0.0099,0.0162,0.0023,0.0002,0.0008
RU2476	AFR	0.79588568879432042	0.8,0.0,0.02,0.18,0.01,0.0,0.0	0.0180,0.0026,0.0024,0.0025,-0.0042,-0.0036,-0.0033,-0.0057,-0.0012,-0.0143
RU2477	DOMI	0.51788948263638668	0.41,0.0,0.05,0.52,0.01,0.01,0.0	0.0151,0.0023,0.0040,0.0020,-0.0031,0.0025,0.0062,0.0116,-0.0294,0.0155
RU2479	AFR	0.96442063492063479	0.96,0.0,0.0,0.04,0.0,0.0,0.0	0.0276,0.0004,0.0030,-0.0014,0.0008,0.0026,0.0009,-0.0174,0.0030,-0.0281
RU2482	AJ	1.0	0.0,1.0,0.0,0.0,0.0,0.0,0.0	-0.0086,0.0157,0.0006,-0.0145,-0.0446,-0.0072,-0.0000,-0.0361,-0.0067,0.0098
RU2483	AJ	0.94982026143790843	0.0,0.95,0.0,0.0,0.0,0.05,0.0	-0.0092,0.0155,0.0009,-0.0096,-0.0431,-0.0137,-0.0312,0.0109,-0.0092,0.0211
RU2484	EUR	0.83203174603174601	0.0,0.01,0.04,0.02,0.07,0.83,0.02	-0.0103,0.0179,0.0089,-0.0103,0.0207,0.0242,0.0274,0.0031,-0.0049,0.0255
RU2486	DOMI	0.64868160437803923	0.09,0.0,0.25,0.65,0.0,0.0,0.01	0.0085,0.0049,0.0080,0.0061,-0.0020,-0.0137,-0.0194,0.0047,-0.0042,0.0285
RU2488	EUR	0.96697616757888394	0.0,0.02,0.0,0.01,0.0,0.97,0.0	-0.0109,0.0174,0.0040,-0.0132,0.0154,-0.0083,0.0052,0.0014,0.0115,0.0032
RU2489	DOMI	0.94314109255038048	0.02,0.0,0.03,0.94,0.0,0.01,0.0	0.0068,0.0087,0.0039,-0.0013,0.0022,0.0147,0.0138,0.0021,-0.0200,-0.0036
RU2494	AFR	1.0	1.0,0.0,0.0,0.0,0.0,0.0,0.0	0.0290,-0.0006,-0.0008,0.0009,0.0049,-0.0003,-0.0053,-0.0219,0.0122,-0.0104
RU2495	AMR	0.90537226948678584	0.02,0.0,0.91,0.08,0.0,0.0,0.0	-0.0020,0.0006,0.0131,0.0228,0.0018,-0.0033,0.0118,-0.0218,0.0091,-0.0119
RU2500	DOMI	0.88721161489582545	0.01,0.0,0.1,0.89,0.0,0.0,0.0	0.0036,0.0095,0.0070,0.0019,0.0004,-0.0105,-0.0188,0.0102,0.0006,0.0114
RU2501	EUR	0.99031746031746037	0.0,0.0,0.0,0.01,0.0,0.99,0.0	-0.0097,0.0172,0.0072,-0.0076,0.0264,-0.0014,0.0002,0.0034,0.0101,-0.0068
RU2502	DOMI	0.92046517257064919	0.04,0.0,0.04,0.92,0.0,0.01,0.0	0.0098,0.0030,0.0069,0.0023,-0.0037,-0.0068,0.0092,0.0013,0.0145,0.0044
RU2503	AFR	0.99428571428571433	0.99,0.0,0.0,0.01,0.0,0.0,0.0	0.0246,-0.0001,-0.0011,-0.0041,0.0104,-0.0004,-0.0144,-0.0078,-0.0169,-0.0035
RU2504	DOMI	0.73970781856602275	0.01,0.0,0.24,0.74,0.01,0.0,0.0	0.0044,0.0092,0.0089,0.0008,-0.0030,-0.0172,-0.0407,0.0226,-0.0016,0.0198
RU2505	AJ	0.81263157894736837	0.0,0.81,0.0,0.0,0.0,0.19,0.0	-0.0096,0.0173,0.0059,-0.0103,-0.0307,-0.0058,-0.0253,0.0023,0.0017,-0.0350
RU2506	AFR	0.84345006787928767	0.84,0.0,0.02,0.14,0.0,0.0,0.0	0.0179,0.0027,0.0008,-0.0016,0.0087,0.0038,-0.0074,-0.0102,-0.0158,0.0034
RU2507	EUR	0.97683982683982695	0.0,0.02,0.0,0.0,0.0,0.98,0.0	-0.0105,0.0162,0.0068,-0.0108,-0.0159,-0.0025,-0.0060,0.0104,-0.0069,-0.0042
RU2508	DOMI	0.96254301994301994	0.0,0.0,0.02,0.96,0.01,0.0,0.0	0.0091,0.0066,0.0050,0.0019,-0.0059,0.0006,0.0072,0.0073,0.0036,0.0161
RU2509	DOMI	0.99159216300940445	0.0,0.0,0.01,0.99,0.0,0.0,0.0	0.0021,0.0079,0.0064,0.0011,0.0014,0.0051,0.0191,0.0052,0.0007,-0.0040
RU2510	DOMI	0.95911492951492949	0.0,0.0,0.03,0.96,0.0,0.0,0.0	0.0121,0.0049,0.0070,-0.0004,-0.0078,-0.0043,-0.0045,0.0181,-0.0173,0.0082
RU2511	EUR	1.0	0.0,0.0,0.0,0.0,0.0,1.0,0.0	-0.0105,0.0177,0.0060,-0.0089,0.0100,0.0073,-0.0158,0.0082,0.0108,-0.0023
RU2513	EUR	0.96534102474654626	0.0,0.03,0.0,0.0,0.0,0.97,0.0	-0.0099,0.0169,0.0026,-0.0089,-0.0055,-0.0081,-0.0223,-0.0021,0.0042,-0.0334
RU2514	AFR	0.78234062604062604	0.78,0.0,0.01,0.21,0.0,0.0,0.0	0.0279,0.0005,0.0036,-0.0007,-0.0114,-0.0091,-0.0124,0.0048,-0.0055,-0.0142
RU2515	EUR	0.99585714285714289	0.0,0.0,0.0,0.0,0.0,1.0,0.0	-0.0097,0.0184,0.0083,-0.0080,0.0245,0.0008,0.0229,-0.0009,0.0171,-0.0301
RU2516	AFR	0.80240944867244623	0.8,0.01,0.01,0.14,0.01,0.03,0.0	0.0292,0.0004,0.0033,-0.0056,0.0037,-0.0036,0.0100,0.0222,0.0109,0.0010
RU2517	AMR	0.79594664341879973	0.0,0.0,0.8,0.14,0.0,0.0,0.06	-0.0083,0.0001,0.0224,0.0276,-0.0080,-0.0128,-0.0323,0.0162,-0.0049,-0.0066
RU2518	EUR	0.93699443519443515	0.0,0.02,0.01,0.03,0.0,0.94,0.0	-0.0094,0.0160,0.0075,-0.0069,0.0097,0.0064,0.0079,0.0302,0.0040,0.0087
RU2519	DOMI	0.9052830573002989	0.05,0.0,0.04,0.91,0.0,0.0,0.0	0.0143,0.0032,0.0060,0.0003,0.0071,0.0001,-0.0094,-0.0114,-0.0034,0.0150
RU2521	AFR	0.70470508431108403	0.7,0.0,0.02,0.25,0.0,0.03,0.0	0.0186,0.0045,0.0042,-0.0033,-0.0001,0.0000,-0.0006,-0.0133,-0.0077,0.0079
RU2523	EUR	0.99360000000000004	0.0,0.01,0.0,0.0,0.0,0.99,0.0	-0.0098,0.0170,0.0065,-0.0097,0.0036,0.0001,0.0206,0.0156,-0.0119,-0.0204
RU2525	AFR	0.98902597402597403	0.99,0.0,0.0,0.01,0.0,0.0,0.0	0.0245,0.0006,0.0011,-0.0017,0.0091,0.0138,0.0184,0.0078,-0.0168,0.0182
RU2526	EUR	0.93155384375972605	0.0,0.02,0.01,0.03,0.0,0.93,0.0	-0.0092,0.0168,0.0067,-0.0090,0.0056,0.0028,0.0030,-0.0101,0.0185,-0.0054
RU2527	AJ	0.99684210526315775	0.0,1.0,0.0,0.0,0.0,0.0,0.0	-0.0095,0.0141,0.0002,-0.0129,-0.0308,0.0128,0.0294,-0.0060,-0.0091,-0.0331
RU2528	AFR	0.38107364558664308	0.38,0.02,0.02,0.37,0.0,0.2,0.0	0.0049,0.0089,0.0056,-0.0048,0.0194,0.0012,-0.0082,-0.0273,0.0012,-0.0053
RU2529	AFR	0.951068511527143	0.95,0.0,0.0,0.05,0.0,0.0,0.0	0.0235,-0.0007,0.0022,-0.0012,-0.0001,0.0019,0.0134,-0.0030,-0.0046,0.0040
RU2530	DOMI	0.89260124798948326	0.01,0.0,0.08,0.89,0.01,0.01,0.0	0.0084,0.0066,0.0054,-0.0028,-0.0125,-0.0078,-0.0177,0.0003,0.0001,0.0178
RU2531	EUR	1.0	0.0,0.0,0.0,0.0,0.0,1.0,0.0	-0.0110,0.0194,0.0074,-0.0092,0.0230,-0.0031,-0.0065,-0.0019,-0.0018,0.0008
RU2532	EUR	0.99014705882352938	0.0,0.0,0.01,0.0,0.0,0.99,0.0	-0.0101,0.0164,0.0092,-0.0049,0.0195,0.0019,-0.0074,-0.0008,0.0120,-0.0307
RU2533	AJ	0.92127835718328077	0.0,0.92,0.01,0.01,0.01,0.05,0.0	-0.0083,0.0132,-0.0080,-0.0074,-0.0261,-0.0064,0.0026,-0.0020,-0.0034,-0.0204
RU2535	DOMI	0.87438151579541734	0.02,0.0,0.1,0.87,0.0,0.01,0.0	0.0072,0.0073,0.0081,0.0028,0.0014,-0.0102,0.0142,-0.0096,0.0076,-0.0181
RU2536	AJ	0.94308262429005452	0.0,0.94,0.0,0.0,0.0,0.06,0.0	-0.0084,0.0176,0.0028,-0.0159,-0.0365,0.0054,0.0200,-0.0162,0.0006,-0.0104
RU2537	AJ	0.99666666666666659	0.0,1.0,0.0,0.0,0.0,0.0,0.0	-0.0075,0.0172,0.0027,-0.0138,-0.0427,0.0062,0.0084,-0.0060,0.0137,0.0017
RU2539	EUR	1.0	0.0,0.0,0.0,0.0,0.0,1.0,0.0	-0.0106,0.0170,0.0056,-0.0059,0.0119,0.0006,-0.0071,0.0075,-0.0059,0.0307
RU2540	EUR	1.0	0.0,0.0,0.0,0.0,0.0,1.0,0.0	-0.0102,0.0170,0.0059,-0.0105,-0.0110,0.0010,-0.0022,0.0173,-0.0007,0.0033
RU2541	AMR	0.71122625886699142	0.01,0.0,0.71,0.28,0.0,0.0,0.0	-0.0041,0.0085,0.0129,0.0048,-0.0157,-0.0189,-0.0323,0.0436,0.0053,-0.0095
RU2542	AJ	0.99375000000000002	0.0,0.99,0.0,0.0,0.0,0.01,0.0	-0.0081,0.0148,0.0002,-0.0136,-0.0442,-0.0051,-0.0005,-0.0191,0.0066,-0.0051
RU2543	EUR	0.93092233701696625	0.01,0.06,0.0,0.0,0.0,0.93,0.0	-0.0107,0.0185,0.0024,-0.0090,-0.0161,-0.0084,-0.0046,-0.0327,-0.0100,-0.0100
RU2544	EUR	1.0	0.0,0.0,0.0,0.0,0.0,1.0,0.0	-0.0113,0.0171,0.0052,-0.0080,0.0253,0.0085,0.0094,0.0006,-0.0093,-0.0119
RU2545	EUR	0.98360191387559792	0.0,0.01,0.01,0.0,0.0,0.98,0.0	-0.0099,0.0176,0.0046,-0.0070,0.0003,-0.0065,-0.0274,0.0349,0.0031,-0.0059
RU2546	AJ	0.94929339477726571	0.0,0.95,0.01,0.02,0.0,0.02,0.0	-0.0065,0.0140,-0.0020,-0.0054,-0.0294,-0.0037,-0.0001,-0.0270,0.0010,-0.0075
RU2548	EUR	0.79909748878206088	0.02,0.07,0.06,0.05,0.0,0.8,0.0	-0.0083,0.0160,0.0010,-0.0101,-0.0084,0.0006,0.0120,-0.0079,-0.0102,0.0028
RU2549	DOMI	0.84830267288167438	0.03,0.0,0.12,0.85,0.0,0.0,0.0	0.0066,0.0084,0.0052,0.0042,0.0045,-0.0058,0.0110,-0.0060,-0.0153,-0.0089
RU2551	DOMI	0.8300465253484367	0.03,0.0,0.14,0.83,0.0,0.01,0.0	0.0051,0.0072,0.0077,0.0044,0.0007,-0.0028,0.0020,-0.0016,0.0084,-0.0021
RU2552	AMR	0.94079980707698085	0.0,0.0,0.94,0.05,0.0,0.0,0.01	-0.0092,0.0106,0.0140,0.0142,0.0053,0.0024,0.0232,0.0150,-0.0040,0.0005
RU2554	AJ	0.40521428571428575	0.02,0.41,0.14,0.24,0.0,0.2,0.0	-0.0093,0.0155,0.0029,-0.0036,-0.0207,0.0016,0.0166,0.0211,-0.0192,0.0016
RU2555	EUR	0.93771007939428996	0.0,0.06,0.0,0.0,0.0,0.94,0.0	-0.0093,0.0180,0.0032,-0.0107,-0.0160,0.0066,-0.0036,0.0202,0.0111,-0.0024
RU2563	EUR	0.6635518871809194	0.0,0.33,0.0,0.0,0.0,0.66,0.0	-0.0099,0.0179,0.0036,-0.0127,-0.0195,0.0006,-0.0105,-0.0045,0.0091,-0.0117
RU2567	AJ	0.93807539682539687	0.0,0.94,0.0,0.0,0.0,0.06,0.0	-0.0087,0.0170,0.0037,-0.0109,-0.0387,-0.0141,-0.0186,0.0147,0.0042,-0.0118
RU2571	DOMI	0.8555476977467823	0.03,0.0,0.1,0.86,0.0,0.02,0.0	0.0060,0.0061,0.0075,0.0010,0.0045,-0.0113,0.0008,-0.0306,-0.0145,-0.0208
RU2572	DOMI	0.95351928202565406	0.0,0.0,0.03,0.95,0.0,0.01,0.0	0.0102,0.0058,0.0060,0.0008,-0.0013,-0.0032,0.0064,-0.0157,-0.0001,-0.0003
RU2573	EUR	0.99691666666666667	0.0,0.0,0.0,0.0,0.0,1.0,0.0	-0.0102,0.0168,0.0040,-0.0094,0.0050,0.0028,-0.0077,-0.0136,-0.0086,0.0357
RU2593	AMR	0.74884842047195666	0.06,0.0,0.75,0.19,0.0,0.0,0.0	0.0013,0.0028,0.0152,0.0165,-0.0001,-0.0024,-0.0167,0.0252,-0.0013,-0.0126
RU2598	EUR	0.94148680241327298	0.01,0.02,0.01,0.02,0.0,0.94,0.0	-0.0093,0.0185,0.0049,-0.0075,0.0135,0.0031,-0.0119,-0.0084,-0.0019,0.0075
RU2604	DOMI	0.87072524827540332	0.07,0.0,0.05,0.87,0.0,0.01,0.0	0.0116,0.0048,0.0040,-0.0025,0.0007,0.0086,0.0093,-0.0046,0.0129,0.0265
